kind,w,h,tier,bpp,target_bytes,qp_used,packet_bytes,mbps,threads,iteration,decode_ms
gradient,1920,1080,proxy,0.60509,313678,57,277617,53.30,1,0,10.850100
gradient,1920,1080,proxy,0.60509,313678,57,277617,53.30,1,1,10.477700
gradient,1920,1080,proxy,0.60509,313678,57,277617,53.30,1,2,10.524200
gradient,1920,1080,proxy,0.60509,313678,57,277617,53.30,1,3,10.339300
gradient,1920,1080,proxy,0.60509,313678,57,277617,53.30,1,4,10.479600
gradient,1920,1080,proxy,0.60509,313678,57,277617,53.30,1,5,10.403100
gradient,1920,1080,proxy,0.60509,313678,57,277617,53.30,1,6,10.619100
gradient,1920,1080,proxy,0.60509,313678,57,277617,53.30,1,7,10.719700
gradient,1920,1080,proxy,0.60509,313678,57,277617,53.30,1,8,10.720700
gradient,1920,1080,proxy,0.60509,313678,57,277617,53.30,1,9,10.574400
gradient,1920,1080,proxy,0.60509,313678,57,277617,53.30,1,10,10.453200
gradient,1920,1080,proxy,0.60509,313678,57,277617,53.30,1,11,10.360300
gradient,1920,1080,proxy,0.60509,313678,57,277617,53.30,1,12,10.627000
gradient,1920,1080,proxy,0.60509,313678,57,277617,53.30,1,13,10.563500
gradient,1920,1080,proxy,0.60509,313678,57,277617,53.30,1,14,10.600700
gradient,1920,1080,proxy,0.60509,313678,57,277617,53.30,1,15,10.859900
gradient,1920,1080,proxy,0.60509,313678,57,277617,53.30,1,16,10.890300
gradient,1920,1080,proxy,0.60509,313678,57,277617,53.30,1,17,11.000300
gradient,1920,1080,proxy,0.60509,313678,57,277617,53.30,1,18,10.558200
gradient,1920,1080,proxy,0.60509,313678,57,277617,53.30,1,19,10.615600
gradient,1920,1080,proxy,0.60509,313678,57,277617,53.30,1,20,10.643000
gradient,1920,1080,proxy,0.60509,313678,57,277617,53.30,1,21,10.530300
gradient,1920,1080,proxy,0.60509,313678,57,277617,53.30,1,22,10.546300
gradient,1920,1080,proxy,0.60509,313678,57,277617,53.30,1,23,10.514900
gradient,1920,1080,proxy,0.60509,313678,57,277617,53.30,1,24,10.553300
gradient,1920,1080,proxy,0.60509,313678,57,277617,53.30,1,25,10.518200
gradient,1920,1080,proxy,0.60509,313678,57,277617,53.30,1,26,10.656400
gradient,1920,1080,proxy,0.60509,313678,57,277617,53.30,1,27,10.508700
gradient,1920,1080,proxy,0.60509,313678,57,277617,53.30,1,28,10.554300
gradient,1920,1080,proxy,0.60509,313678,57,277617,53.30,1,29,10.694000
gradient,1920,1080,proxy,0.60509,313678,57,277617,53.30,1,30,10.514700
gradient,1920,1080,proxy,0.60509,313678,57,277617,53.30,1,31,10.569600
gradient,1920,1080,proxy,0.60509,313678,57,277617,53.30,1,32,10.797900
gradient,1920,1080,proxy,0.60509,313678,57,277617,53.30,1,33,10.569900
gradient,1920,1080,proxy,0.60509,313678,57,277617,53.30,1,34,10.614000
gradient,1920,1080,proxy,0.60509,313678,57,277617,53.30,16,0,2.334000
gradient,1920,1080,proxy,0.60509,313678,57,277617,53.30,16,1,1.876000
gradient,1920,1080,proxy,0.60509,313678,57,277617,53.30,16,2,1.910200
gradient,1920,1080,proxy,0.60509,313678,57,277617,53.30,16,3,2.407500
gradient,1920,1080,proxy,0.60509,313678,57,277617,53.30,16,4,1.829000
gradient,1920,1080,proxy,0.60509,313678,57,277617,53.30,16,5,1.921400
gradient,1920,1080,proxy,0.60509,313678,57,277617,53.30,16,6,2.345800
gradient,1920,1080,proxy,0.60509,313678,57,277617,53.30,16,7,2.095600
gradient,1920,1080,proxy,0.60509,313678,57,277617,53.30,16,8,2.013600
gradient,1920,1080,proxy,0.60509,313678,57,277617,53.30,16,9,1.718700
gradient,1920,1080,proxy,0.60509,313678,57,277617,53.30,16,10,2.270200
gradient,1920,1080,proxy,0.60509,313678,57,277617,53.30,16,11,1.690300
gradient,1920,1080,proxy,0.60509,313678,57,277617,53.30,16,12,1.487200
gradient,1920,1080,proxy,0.60509,313678,57,277617,53.30,16,13,1.502700
gradient,1920,1080,proxy,0.60509,313678,57,277617,53.30,16,14,1.582700
gradient,1920,1080,proxy,0.60509,313678,57,277617,53.30,16,15,1.479700
gradient,1920,1080,proxy,0.60509,313678,57,277617,53.30,16,16,1.495000
gradient,1920,1080,proxy,0.60509,313678,57,277617,53.30,16,17,1.363800
gradient,1920,1080,proxy,0.60509,313678,57,277617,53.30,16,18,1.343100
gradient,1920,1080,proxy,0.60509,313678,57,277617,53.30,16,19,1.510000
gradient,1920,1080,proxy,0.60509,313678,57,277617,53.30,16,20,1.400400
gradient,1920,1080,proxy,0.60509,313678,57,277617,53.30,16,21,1.239200
gradient,1920,1080,proxy,0.60509,313678,57,277617,53.30,16,22,1.465100
gradient,1920,1080,proxy,0.60509,313678,57,277617,53.30,16,23,1.215200
gradient,1920,1080,proxy,0.60509,313678,57,277617,53.30,16,24,1.168900
gradient,1920,1080,proxy,0.60509,313678,57,277617,53.30,16,25,1.441000
gradient,1920,1080,proxy,0.60509,313678,57,277617,53.30,16,26,1.262500
gradient,1920,1080,proxy,0.60509,313678,57,277617,53.30,16,27,1.202700
gradient,1920,1080,proxy,0.60509,313678,57,277617,53.30,16,28,1.428100
gradient,1920,1080,proxy,0.60509,313678,57,277617,53.30,16,29,1.618600
gradient,1920,1080,proxy,0.60509,313678,57,277617,53.30,16,30,1.143600
gradient,1920,1080,proxy,0.60509,313678,57,277617,53.30,16,31,1.467700
gradient,1920,1080,proxy,0.60509,313678,57,277617,53.30,16,32,1.481700
gradient,1920,1080,proxy,0.60509,313678,57,277617,53.30,16,33,1.571900
gradient,1920,1080,proxy,0.60509,313678,57,277617,53.30,16,34,1.438800
gradient,1920,1080,lt,1.23239,638870,44,637269,122.36,1,0,16.390600
gradient,1920,1080,lt,1.23239,638870,44,637269,122.36,1,1,16.249200
gradient,1920,1080,lt,1.23239,638870,44,637269,122.36,1,2,16.456500
gradient,1920,1080,lt,1.23239,638870,44,637269,122.36,1,3,16.584100
gradient,1920,1080,lt,1.23239,638870,44,637269,122.36,1,4,16.494600
gradient,1920,1080,lt,1.23239,638870,44,637269,122.36,1,5,16.532300
gradient,1920,1080,lt,1.23239,638870,44,637269,122.36,1,6,16.218400
gradient,1920,1080,lt,1.23239,638870,44,637269,122.36,1,7,16.178500
gradient,1920,1080,lt,1.23239,638870,44,637269,122.36,1,8,16.411400
gradient,1920,1080,lt,1.23239,638870,44,637269,122.36,1,9,16.565300
gradient,1920,1080,lt,1.23239,638870,44,637269,122.36,1,10,16.594600
gradient,1920,1080,lt,1.23239,638870,44,637269,122.36,1,11,16.699900
gradient,1920,1080,lt,1.23239,638870,44,637269,122.36,1,12,16.285300
gradient,1920,1080,lt,1.23239,638870,44,637269,122.36,1,13,16.604700
gradient,1920,1080,lt,1.23239,638870,44,637269,122.36,1,14,16.232000
gradient,1920,1080,lt,1.23239,638870,44,637269,122.36,1,15,17.174700
gradient,1920,1080,lt,1.23239,638870,44,637269,122.36,1,16,16.320200
gradient,1920,1080,lt,1.23239,638870,44,637269,122.36,1,17,16.261900
gradient,1920,1080,lt,1.23239,638870,44,637269,122.36,1,18,16.246200
gradient,1920,1080,lt,1.23239,638870,44,637269,122.36,1,19,16.280000
gradient,1920,1080,lt,1.23239,638870,44,637269,122.36,1,20,16.391900
gradient,1920,1080,lt,1.23239,638870,44,637269,122.36,1,21,16.554700
gradient,1920,1080,lt,1.23239,638870,44,637269,122.36,1,22,16.462500
gradient,1920,1080,lt,1.23239,638870,44,637269,122.36,1,23,16.265700
gradient,1920,1080,lt,1.23239,638870,44,637269,122.36,1,24,16.255800
gradient,1920,1080,lt,1.23239,638870,44,637269,122.36,1,25,16.367200
gradient,1920,1080,lt,1.23239,638870,44,637269,122.36,1,26,16.621700
gradient,1920,1080,lt,1.23239,638870,44,637269,122.36,1,27,16.619600
gradient,1920,1080,lt,1.23239,638870,44,637269,122.36,1,28,16.636300
gradient,1920,1080,lt,1.23239,638870,44,637269,122.36,1,29,16.523200
gradient,1920,1080,lt,1.23239,638870,44,637269,122.36,1,30,16.710700
gradient,1920,1080,lt,1.23239,638870,44,637269,122.36,1,31,16.169900
gradient,1920,1080,lt,1.23239,638870,44,637269,122.36,1,32,16.062800
gradient,1920,1080,lt,1.23239,638870,44,637269,122.36,1,33,16.962400
gradient,1920,1080,lt,1.23239,638870,44,637269,122.36,1,34,16.432800
gradient,1920,1080,lt,1.23239,638870,44,637269,122.36,16,0,2.345400
gradient,1920,1080,lt,1.23239,638870,44,637269,122.36,16,1,2.549600
gradient,1920,1080,lt,1.23239,638870,44,637269,122.36,16,2,2.347200
gradient,1920,1080,lt,1.23239,638870,44,637269,122.36,16,3,2.282200
gradient,1920,1080,lt,1.23239,638870,44,637269,122.36,16,4,2.632600
gradient,1920,1080,lt,1.23239,638870,44,637269,122.36,16,5,2.360300
gradient,1920,1080,lt,1.23239,638870,44,637269,122.36,16,6,2.464300
gradient,1920,1080,lt,1.23239,638870,44,637269,122.36,16,7,2.554500
gradient,1920,1080,lt,1.23239,638870,44,637269,122.36,16,8,2.493600
gradient,1920,1080,lt,1.23239,638870,44,637269,122.36,16,9,2.342300
gradient,1920,1080,lt,1.23239,638870,44,637269,122.36,16,10,2.278000
gradient,1920,1080,lt,1.23239,638870,44,637269,122.36,16,11,2.597500
gradient,1920,1080,lt,1.23239,638870,44,637269,122.36,16,12,2.469700
gradient,1920,1080,lt,1.23239,638870,44,637269,122.36,16,13,2.516300
gradient,1920,1080,lt,1.23239,638870,44,637269,122.36,16,14,2.585200
gradient,1920,1080,lt,1.23239,638870,44,637269,122.36,16,15,2.707500
gradient,1920,1080,lt,1.23239,638870,44,637269,122.36,16,16,2.491600
gradient,1920,1080,lt,1.23239,638870,44,637269,122.36,16,17,2.108900
gradient,1920,1080,lt,1.23239,638870,44,637269,122.36,16,18,2.488600
gradient,1920,1080,lt,1.23239,638870,44,637269,122.36,16,19,2.577400
gradient,1920,1080,lt,1.23239,638870,44,637269,122.36,16,20,2.449100
gradient,1920,1080,lt,1.23239,638870,44,637269,122.36,16,21,2.539500
gradient,1920,1080,lt,1.23239,638870,44,637269,122.36,16,22,2.931400
gradient,1920,1080,lt,1.23239,638870,44,637269,122.36,16,23,2.500500
gradient,1920,1080,lt,1.23239,638870,44,637269,122.36,16,24,2.522800
gradient,1920,1080,lt,1.23239,638870,44,637269,122.36,16,25,2.491200
gradient,1920,1080,lt,1.23239,638870,44,637269,122.36,16,26,2.454900
gradient,1920,1080,lt,1.23239,638870,44,637269,122.36,16,27,2.616200
gradient,1920,1080,lt,1.23239,638870,44,637269,122.36,16,28,2.579300
gradient,1920,1080,lt,1.23239,638870,44,637269,122.36,16,29,2.624800
gradient,1920,1080,lt,1.23239,638870,44,637269,122.36,16,30,2.568800
gradient,1920,1080,lt,1.23239,638870,44,637269,122.36,16,31,2.584500
gradient,1920,1080,lt,1.23239,638870,44,637269,122.36,16,32,2.367700
gradient,1920,1080,lt,1.23239,638870,44,637269,122.36,16,33,2.497700
gradient,1920,1080,lt,1.23239,638870,44,637269,122.36,16,34,2.542700
gradient,1920,1080,standard,1.87491,971953,22,967980,185.85,1,0,21.193600
gradient,1920,1080,standard,1.87491,971953,22,967980,185.85,1,1,20.494800
gradient,1920,1080,standard,1.87491,971953,22,967980,185.85,1,2,19.649100
gradient,1920,1080,standard,1.87491,971953,22,967980,185.85,1,3,19.733500
gradient,1920,1080,standard,1.87491,971953,22,967980,185.85,1,4,19.498100
gradient,1920,1080,standard,1.87491,971953,22,967980,185.85,1,5,19.317900
gradient,1920,1080,standard,1.87491,971953,22,967980,185.85,1,6,19.079600
gradient,1920,1080,standard,1.87491,971953,22,967980,185.85,1,7,19.624700
gradient,1920,1080,standard,1.87491,971953,22,967980,185.85,1,8,19.424800
gradient,1920,1080,standard,1.87491,971953,22,967980,185.85,1,9,19.547700
gradient,1920,1080,standard,1.87491,971953,22,967980,185.85,1,10,19.531300
gradient,1920,1080,standard,1.87491,971953,22,967980,185.85,1,11,19.837900
gradient,1920,1080,standard,1.87491,971953,22,967980,185.85,1,12,19.706800
gradient,1920,1080,standard,1.87491,971953,22,967980,185.85,1,13,19.272100
gradient,1920,1080,standard,1.87491,971953,22,967980,185.85,1,14,19.204000
gradient,1920,1080,standard,1.87491,971953,22,967980,185.85,1,15,19.419000
gradient,1920,1080,standard,1.87491,971953,22,967980,185.85,1,16,19.317200
gradient,1920,1080,standard,1.87491,971953,22,967980,185.85,1,17,19.269600
gradient,1920,1080,standard,1.87491,971953,22,967980,185.85,1,18,19.606500
gradient,1920,1080,standard,1.87491,971953,22,967980,185.85,1,19,19.243500
gradient,1920,1080,standard,1.87491,971953,22,967980,185.85,1,20,19.215900
gradient,1920,1080,standard,1.87491,971953,22,967980,185.85,1,21,20.039500
gradient,1920,1080,standard,1.87491,971953,22,967980,185.85,1,22,19.917600
gradient,1920,1080,standard,1.87491,971953,22,967980,185.85,1,23,19.922900
gradient,1920,1080,standard,1.87491,971953,22,967980,185.85,1,24,19.597000
gradient,1920,1080,standard,1.87491,971953,22,967980,185.85,1,25,19.374400
gradient,1920,1080,standard,1.87491,971953,22,967980,185.85,1,26,19.245200
gradient,1920,1080,standard,1.87491,971953,22,967980,185.85,1,27,19.419900
gradient,1920,1080,standard,1.87491,971953,22,967980,185.85,1,28,19.360700
gradient,1920,1080,standard,1.87491,971953,22,967980,185.85,1,29,19.201000
gradient,1920,1080,standard,1.87491,971953,22,967980,185.85,1,30,19.182600
gradient,1920,1080,standard,1.87491,971953,22,967980,185.85,1,31,19.149400
gradient,1920,1080,standard,1.87491,971953,22,967980,185.85,1,32,19.566200
gradient,1920,1080,standard,1.87491,971953,22,967980,185.85,1,33,19.395100
gradient,1920,1080,standard,1.87491,971953,22,967980,185.85,1,34,19.490100
gradient,1920,1080,standard,1.87491,971953,22,967980,185.85,16,0,2.525300
gradient,1920,1080,standard,1.87491,971953,22,967980,185.85,16,1,3.000900
gradient,1920,1080,standard,1.87491,971953,22,967980,185.85,16,2,2.260200
gradient,1920,1080,standard,1.87491,971953,22,967980,185.85,16,3,2.827300
gradient,1920,1080,standard,1.87491,971953,22,967980,185.85,16,4,2.248200
gradient,1920,1080,standard,1.87491,971953,22,967980,185.85,16,5,3.010100
gradient,1920,1080,standard,1.87491,971953,22,967980,185.85,16,6,3.064400
gradient,1920,1080,standard,1.87491,971953,22,967980,185.85,16,7,3.136900
gradient,1920,1080,standard,1.87491,971953,22,967980,185.85,16,8,3.320400
gradient,1920,1080,standard,1.87491,971953,22,967980,185.85,16,9,3.509700
gradient,1920,1080,standard,1.87491,971953,22,967980,185.85,16,10,3.522700
gradient,1920,1080,standard,1.87491,971953,22,967980,185.85,16,11,3.411300
gradient,1920,1080,standard,1.87491,971953,22,967980,185.85,16,12,3.100900
gradient,1920,1080,standard,1.87491,971953,22,967980,185.85,16,13,3.151300
gradient,1920,1080,standard,1.87491,971953,22,967980,185.85,16,14,3.026000
gradient,1920,1080,standard,1.87491,971953,22,967980,185.85,16,15,3.433800
gradient,1920,1080,standard,1.87491,971953,22,967980,185.85,16,16,3.254700
gradient,1920,1080,standard,1.87491,971953,22,967980,185.85,16,17,3.471500
gradient,1920,1080,standard,1.87491,971953,22,967980,185.85,16,18,3.845100
gradient,1920,1080,standard,1.87491,971953,22,967980,185.85,16,19,3.557200
gradient,1920,1080,standard,1.87491,971953,22,967980,185.85,16,20,3.210300
gradient,1920,1080,standard,1.87491,971953,22,967980,185.85,16,21,3.244200
gradient,1920,1080,standard,1.87491,971953,22,967980,185.85,16,22,3.262500
gradient,1920,1080,standard,1.87491,971953,22,967980,185.85,16,23,3.404400
gradient,1920,1080,standard,1.87491,971953,22,967980,185.85,16,24,3.309400
gradient,1920,1080,standard,1.87491,971953,22,967980,185.85,16,25,3.174300
gradient,1920,1080,standard,1.87491,971953,22,967980,185.85,16,26,3.285000
gradient,1920,1080,standard,1.87491,971953,22,967980,185.85,16,27,3.585900
gradient,1920,1080,standard,1.87491,971953,22,967980,185.85,16,28,3.180100
gradient,1920,1080,standard,1.87491,971953,22,967980,185.85,16,29,3.302500
gradient,1920,1080,standard,1.87491,971953,22,967980,185.85,16,30,3.053400
gradient,1920,1080,standard,1.87491,971953,22,967980,185.85,16,31,3.110800
gradient,1920,1080,standard,1.87491,971953,22,967980,185.85,16,32,3.109100
gradient,1920,1080,standard,1.87491,971953,22,967980,185.85,16,33,3.115700
gradient,1920,1080,standard,1.87491,971953,22,967980,185.85,16,34,3.212300
gradient,1920,1080,hq,2.75617,1428798,0,1026804,197.15,1,0,20.298100
gradient,1920,1080,hq,2.75617,1428798,0,1026804,197.15,1,1,20.322200
gradient,1920,1080,hq,2.75617,1428798,0,1026804,197.15,1,2,20.702600
gradient,1920,1080,hq,2.75617,1428798,0,1026804,197.15,1,3,21.215000
gradient,1920,1080,hq,2.75617,1428798,0,1026804,197.15,1,4,20.738000
gradient,1920,1080,hq,2.75617,1428798,0,1026804,197.15,1,5,20.623500
gradient,1920,1080,hq,2.75617,1428798,0,1026804,197.15,1,6,20.951900
gradient,1920,1080,hq,2.75617,1428798,0,1026804,197.15,1,7,20.853800
gradient,1920,1080,hq,2.75617,1428798,0,1026804,197.15,1,8,20.813700
gradient,1920,1080,hq,2.75617,1428798,0,1026804,197.15,1,9,20.857400
gradient,1920,1080,hq,2.75617,1428798,0,1026804,197.15,1,10,21.190700
gradient,1920,1080,hq,2.75617,1428798,0,1026804,197.15,1,11,20.693100
gradient,1920,1080,hq,2.75617,1428798,0,1026804,197.15,1,12,20.616800
gradient,1920,1080,hq,2.75617,1428798,0,1026804,197.15,1,13,20.760300
gradient,1920,1080,hq,2.75617,1428798,0,1026804,197.15,1,14,20.656100
gradient,1920,1080,hq,2.75617,1428798,0,1026804,197.15,1,15,20.789400
gradient,1920,1080,hq,2.75617,1428798,0,1026804,197.15,1,16,20.799900
gradient,1920,1080,hq,2.75617,1428798,0,1026804,197.15,1,17,20.667900
gradient,1920,1080,hq,2.75617,1428798,0,1026804,197.15,1,18,20.871000
gradient,1920,1080,hq,2.75617,1428798,0,1026804,197.15,1,19,20.969700
gradient,1920,1080,hq,2.75617,1428798,0,1026804,197.15,1,20,20.906700
gradient,1920,1080,hq,2.75617,1428798,0,1026804,197.15,1,21,20.677200
gradient,1920,1080,hq,2.75617,1428798,0,1026804,197.15,1,22,20.983200
gradient,1920,1080,hq,2.75617,1428798,0,1026804,197.15,1,23,20.539500
gradient,1920,1080,hq,2.75617,1428798,0,1026804,197.15,1,24,20.874700
gradient,1920,1080,hq,2.75617,1428798,0,1026804,197.15,1,25,20.743000
gradient,1920,1080,hq,2.75617,1428798,0,1026804,197.15,1,26,20.591100
gradient,1920,1080,hq,2.75617,1428798,0,1026804,197.15,1,27,20.671300
gradient,1920,1080,hq,2.75617,1428798,0,1026804,197.15,1,28,20.703400
gradient,1920,1080,hq,2.75617,1428798,0,1026804,197.15,1,29,20.632000
gradient,1920,1080,hq,2.75617,1428798,0,1026804,197.15,1,30,20.646700
gradient,1920,1080,hq,2.75617,1428798,0,1026804,197.15,1,31,20.804000
gradient,1920,1080,hq,2.75617,1428798,0,1026804,197.15,1,32,20.709800
gradient,1920,1080,hq,2.75617,1428798,0,1026804,197.15,1,33,20.769700
gradient,1920,1080,hq,2.75617,1428798,0,1026804,197.15,1,34,20.610900
gradient,1920,1080,hq,2.75617,1428798,0,1026804,197.15,16,0,4.194700
gradient,1920,1080,hq,2.75617,1428798,0,1026804,197.15,16,1,3.311000
gradient,1920,1080,hq,2.75617,1428798,0,1026804,197.15,16,2,3.666700
gradient,1920,1080,hq,2.75617,1428798,0,1026804,197.15,16,3,3.336700
gradient,1920,1080,hq,2.75617,1428798,0,1026804,197.15,16,4,3.441200
gradient,1920,1080,hq,2.75617,1428798,0,1026804,197.15,16,5,3.449900
gradient,1920,1080,hq,2.75617,1428798,0,1026804,197.15,16,6,3.393000
gradient,1920,1080,hq,2.75617,1428798,0,1026804,197.15,16,7,3.243600
gradient,1920,1080,hq,2.75617,1428798,0,1026804,197.15,16,8,3.361300
gradient,1920,1080,hq,2.75617,1428798,0,1026804,197.15,16,9,3.588000
gradient,1920,1080,hq,2.75617,1428798,0,1026804,197.15,16,10,3.657900
gradient,1920,1080,hq,2.75617,1428798,0,1026804,197.15,16,11,3.622400
gradient,1920,1080,hq,2.75617,1428798,0,1026804,197.15,16,12,3.383900
gradient,1920,1080,hq,2.75617,1428798,0,1026804,197.15,16,13,3.291900
gradient,1920,1080,hq,2.75617,1428798,0,1026804,197.15,16,14,3.234900
gradient,1920,1080,hq,2.75617,1428798,0,1026804,197.15,16,15,3.315200
gradient,1920,1080,hq,2.75617,1428798,0,1026804,197.15,16,16,3.259600
gradient,1920,1080,hq,2.75617,1428798,0,1026804,197.15,16,17,3.282200
gradient,1920,1080,hq,2.75617,1428798,0,1026804,197.15,16,18,3.290900
gradient,1920,1080,hq,2.75617,1428798,0,1026804,197.15,16,19,3.661000
gradient,1920,1080,hq,2.75617,1428798,0,1026804,197.15,16,20,3.306700
gradient,1920,1080,hq,2.75617,1428798,0,1026804,197.15,16,21,3.357600
gradient,1920,1080,hq,2.75617,1428798,0,1026804,197.15,16,22,3.338900
gradient,1920,1080,hq,2.75617,1428798,0,1026804,197.15,16,23,3.386400
gradient,1920,1080,hq,2.75617,1428798,0,1026804,197.15,16,24,3.330900
gradient,1920,1080,hq,2.75617,1428798,0,1026804,197.15,16,25,3.351900
gradient,1920,1080,hq,2.75617,1428798,0,1026804,197.15,16,26,3.371000
gradient,1920,1080,hq,2.75617,1428798,0,1026804,197.15,16,27,3.296600
gradient,1920,1080,hq,2.75617,1428798,0,1026804,197.15,16,28,3.331500
gradient,1920,1080,hq,2.75617,1428798,0,1026804,197.15,16,29,3.201200
gradient,1920,1080,hq,2.75617,1428798,0,1026804,197.15,16,30,3.338300
gradient,1920,1080,hq,2.75617,1428798,0,1026804,197.15,16,31,3.327100
gradient,1920,1080,hq,2.75617,1428798,0,1026804,197.15,16,32,3.367800
gradient,1920,1080,hq,2.75617,1428798,0,1026804,197.15,16,33,3.463500
gradient,1920,1080,hq,2.75617,1428798,0,1026804,197.15,16,34,3.474500
grain,1920,1080,proxy,0.60509,313678,66,283987,54.53,1,0,13.674800
grain,1920,1080,proxy,0.60509,313678,66,283987,54.53,1,1,13.837600
grain,1920,1080,proxy,0.60509,313678,66,283987,54.53,1,2,13.582900
grain,1920,1080,proxy,0.60509,313678,66,283987,54.53,1,3,13.529400
grain,1920,1080,proxy,0.60509,313678,66,283987,54.53,1,4,13.408400
grain,1920,1080,proxy,0.60509,313678,66,283987,54.53,1,5,13.625600
grain,1920,1080,proxy,0.60509,313678,66,283987,54.53,1,6,14.068700
grain,1920,1080,proxy,0.60509,313678,66,283987,54.53,1,7,13.785800
grain,1920,1080,proxy,0.60509,313678,66,283987,54.53,1,8,13.387600
grain,1920,1080,proxy,0.60509,313678,66,283987,54.53,1,9,13.341400
grain,1920,1080,proxy,0.60509,313678,66,283987,54.53,1,10,13.728900
grain,1920,1080,proxy,0.60509,313678,66,283987,54.53,1,11,13.447100
grain,1920,1080,proxy,0.60509,313678,66,283987,54.53,1,12,13.597000
grain,1920,1080,proxy,0.60509,313678,66,283987,54.53,1,13,13.783200
grain,1920,1080,proxy,0.60509,313678,66,283987,54.53,1,14,13.792700
grain,1920,1080,proxy,0.60509,313678,66,283987,54.53,1,15,13.852800
grain,1920,1080,proxy,0.60509,313678,66,283987,54.53,1,16,13.775600
grain,1920,1080,proxy,0.60509,313678,66,283987,54.53,1,17,13.740300
grain,1920,1080,proxy,0.60509,313678,66,283987,54.53,1,18,13.774800
grain,1920,1080,proxy,0.60509,313678,66,283987,54.53,1,19,13.971700
grain,1920,1080,proxy,0.60509,313678,66,283987,54.53,1,20,13.780900
grain,1920,1080,proxy,0.60509,313678,66,283987,54.53,1,21,13.735800
grain,1920,1080,proxy,0.60509,313678,66,283987,54.53,1,22,13.706300
grain,1920,1080,proxy,0.60509,313678,66,283987,54.53,1,23,13.705800
grain,1920,1080,proxy,0.60509,313678,66,283987,54.53,1,24,13.770200
grain,1920,1080,proxy,0.60509,313678,66,283987,54.53,1,25,13.738800
grain,1920,1080,proxy,0.60509,313678,66,283987,54.53,1,26,13.765800
grain,1920,1080,proxy,0.60509,313678,66,283987,54.53,1,27,13.754400
grain,1920,1080,proxy,0.60509,313678,66,283987,54.53,1,28,13.792900
grain,1920,1080,proxy,0.60509,313678,66,283987,54.53,1,29,13.755700
grain,1920,1080,proxy,0.60509,313678,66,283987,54.53,1,30,13.707300
grain,1920,1080,proxy,0.60509,313678,66,283987,54.53,1,31,13.708700
grain,1920,1080,proxy,0.60509,313678,66,283987,54.53,1,32,13.827700
grain,1920,1080,proxy,0.60509,313678,66,283987,54.53,1,33,13.707400
grain,1920,1080,proxy,0.60509,313678,66,283987,54.53,1,34,13.949700
grain,1920,1080,proxy,0.60509,313678,66,283987,54.53,16,0,2.406400
grain,1920,1080,proxy,0.60509,313678,66,283987,54.53,16,1,2.669100
grain,1920,1080,proxy,0.60509,313678,66,283987,54.53,16,2,2.568200
grain,1920,1080,proxy,0.60509,313678,66,283987,54.53,16,3,2.702700
grain,1920,1080,proxy,0.60509,313678,66,283987,54.53,16,4,2.146600
grain,1920,1080,proxy,0.60509,313678,66,283987,54.53,16,5,2.410000
grain,1920,1080,proxy,0.60509,313678,66,283987,54.53,16,6,2.710300
grain,1920,1080,proxy,0.60509,313678,66,283987,54.53,16,7,2.117100
grain,1920,1080,proxy,0.60509,313678,66,283987,54.53,16,8,2.133000
grain,1920,1080,proxy,0.60509,313678,66,283987,54.53,16,9,2.033600
grain,1920,1080,proxy,0.60509,313678,66,283987,54.53,16,10,1.811300
grain,1920,1080,proxy,0.60509,313678,66,283987,54.53,16,11,1.786200
grain,1920,1080,proxy,0.60509,313678,66,283987,54.53,16,12,1.741400
grain,1920,1080,proxy,0.60509,313678,66,283987,54.53,16,13,1.786700
grain,1920,1080,proxy,0.60509,313678,66,283987,54.53,16,14,1.688700
grain,1920,1080,proxy,0.60509,313678,66,283987,54.53,16,15,1.614100
grain,1920,1080,proxy,0.60509,313678,66,283987,54.53,16,16,1.541300
grain,1920,1080,proxy,0.60509,313678,66,283987,54.53,16,17,1.670300
grain,1920,1080,proxy,0.60509,313678,66,283987,54.53,16,18,1.613700
grain,1920,1080,proxy,0.60509,313678,66,283987,54.53,16,19,1.537100
grain,1920,1080,proxy,0.60509,313678,66,283987,54.53,16,20,1.702200
grain,1920,1080,proxy,0.60509,313678,66,283987,54.53,16,21,1.744500
grain,1920,1080,proxy,0.60509,313678,66,283987,54.53,16,22,1.606000
grain,1920,1080,proxy,0.60509,313678,66,283987,54.53,16,23,1.568200
grain,1920,1080,proxy,0.60509,313678,66,283987,54.53,16,24,1.588300
grain,1920,1080,proxy,0.60509,313678,66,283987,54.53,16,25,1.572400
grain,1920,1080,proxy,0.60509,313678,66,283987,54.53,16,26,1.667100
grain,1920,1080,proxy,0.60509,313678,66,283987,54.53,16,27,1.512200
grain,1920,1080,proxy,0.60509,313678,66,283987,54.53,16,28,1.592000
grain,1920,1080,proxy,0.60509,313678,66,283987,54.53,16,29,1.581900
grain,1920,1080,proxy,0.60509,313678,66,283987,54.53,16,30,1.505600
grain,1920,1080,proxy,0.60509,313678,66,283987,54.53,16,31,1.526900
grain,1920,1080,proxy,0.60509,313678,66,283987,54.53,16,32,1.524500
grain,1920,1080,proxy,0.60509,313678,66,283987,54.53,16,33,1.506600
grain,1920,1080,proxy,0.60509,313678,66,283987,54.53,16,34,1.659700
grain,1920,1080,lt,1.23239,638870,63,566588,108.78,1,0,23.381700
grain,1920,1080,lt,1.23239,638870,63,566588,108.78,1,1,23.187800
grain,1920,1080,lt,1.23239,638870,63,566588,108.78,1,2,23.824800
grain,1920,1080,lt,1.23239,638870,63,566588,108.78,1,3,22.711700
grain,1920,1080,lt,1.23239,638870,63,566588,108.78,1,4,22.963700
grain,1920,1080,lt,1.23239,638870,63,566588,108.78,1,5,22.751400
grain,1920,1080,lt,1.23239,638870,63,566588,108.78,1,6,22.688200
grain,1920,1080,lt,1.23239,638870,63,566588,108.78,1,7,22.758600
grain,1920,1080,lt,1.23239,638870,63,566588,108.78,1,8,22.672900
grain,1920,1080,lt,1.23239,638870,63,566588,108.78,1,9,22.943300
grain,1920,1080,lt,1.23239,638870,63,566588,108.78,1,10,22.811700
grain,1920,1080,lt,1.23239,638870,63,566588,108.78,1,11,22.767300
grain,1920,1080,lt,1.23239,638870,63,566588,108.78,1,12,22.642900
grain,1920,1080,lt,1.23239,638870,63,566588,108.78,1,13,22.758000
grain,1920,1080,lt,1.23239,638870,63,566588,108.78,1,14,22.606300
grain,1920,1080,lt,1.23239,638870,63,566588,108.78,1,15,22.793000
grain,1920,1080,lt,1.23239,638870,63,566588,108.78,1,16,22.955700
grain,1920,1080,lt,1.23239,638870,63,566588,108.78,1,17,22.985100
grain,1920,1080,lt,1.23239,638870,63,566588,108.78,1,18,22.651200
grain,1920,1080,lt,1.23239,638870,63,566588,108.78,1,19,22.172400
grain,1920,1080,lt,1.23239,638870,63,566588,108.78,1,20,22.533000
grain,1920,1080,lt,1.23239,638870,63,566588,108.78,1,21,22.721200
grain,1920,1080,lt,1.23239,638870,63,566588,108.78,1,22,22.822800
grain,1920,1080,lt,1.23239,638870,63,566588,108.78,1,23,22.329800
grain,1920,1080,lt,1.23239,638870,63,566588,108.78,1,24,22.697000
grain,1920,1080,lt,1.23239,638870,63,566588,108.78,1,25,22.698400
grain,1920,1080,lt,1.23239,638870,63,566588,108.78,1,26,22.772000
grain,1920,1080,lt,1.23239,638870,63,566588,108.78,1,27,37.165900
grain,1920,1080,lt,1.23239,638870,63,566588,108.78,1,28,36.241800
grain,1920,1080,lt,1.23239,638870,63,566588,108.78,1,29,37.708300
grain,1920,1080,lt,1.23239,638870,63,566588,108.78,1,30,33.490200
grain,1920,1080,lt,1.23239,638870,63,566588,108.78,1,31,26.699700
grain,1920,1080,lt,1.23239,638870,63,566588,108.78,1,32,42.558100
grain,1920,1080,lt,1.23239,638870,63,566588,108.78,1,33,31.187000
grain,1920,1080,lt,1.23239,638870,63,566588,108.78,1,34,28.135300
grain,1920,1080,lt,1.23239,638870,63,566588,108.78,16,0,2.784400
grain,1920,1080,lt,1.23239,638870,63,566588,108.78,16,1,2.644400
grain,1920,1080,lt,1.23239,638870,63,566588,108.78,16,2,3.310500
grain,1920,1080,lt,1.23239,638870,63,566588,108.78,16,3,3.515800
grain,1920,1080,lt,1.23239,638870,63,566588,108.78,16,4,3.072800
grain,1920,1080,lt,1.23239,638870,63,566588,108.78,16,5,3.270100
grain,1920,1080,lt,1.23239,638870,63,566588,108.78,16,6,3.383700
grain,1920,1080,lt,1.23239,638870,63,566588,108.78,16,7,2.995900
grain,1920,1080,lt,1.23239,638870,63,566588,108.78,16,8,2.425700
grain,1920,1080,lt,1.23239,638870,63,566588,108.78,16,9,2.420300
grain,1920,1080,lt,1.23239,638870,63,566588,108.78,16,10,3.175200
grain,1920,1080,lt,1.23239,638870,63,566588,108.78,16,11,3.112800
grain,1920,1080,lt,1.23239,638870,63,566588,108.78,16,12,3.466800
grain,1920,1080,lt,1.23239,638870,63,566588,108.78,16,13,3.331500
grain,1920,1080,lt,1.23239,638870,63,566588,108.78,16,14,3.284900
grain,1920,1080,lt,1.23239,638870,63,566588,108.78,16,15,3.184800
grain,1920,1080,lt,1.23239,638870,63,566588,108.78,16,16,3.238600
grain,1920,1080,lt,1.23239,638870,63,566588,108.78,16,17,2.459700
grain,1920,1080,lt,1.23239,638870,63,566588,108.78,16,18,2.362700
grain,1920,1080,lt,1.23239,638870,63,566588,108.78,16,19,2.423300
grain,1920,1080,lt,1.23239,638870,63,566588,108.78,16,20,2.959500
grain,1920,1080,lt,1.23239,638870,63,566588,108.78,16,21,3.316300
grain,1920,1080,lt,1.23239,638870,63,566588,108.78,16,22,3.234300
grain,1920,1080,lt,1.23239,638870,63,566588,108.78,16,23,3.294300
grain,1920,1080,lt,1.23239,638870,63,566588,108.78,16,24,3.240700
grain,1920,1080,lt,1.23239,638870,63,566588,108.78,16,25,3.053800
grain,1920,1080,lt,1.23239,638870,63,566588,108.78,16,26,2.448400
grain,1920,1080,lt,1.23239,638870,63,566588,108.78,16,27,2.528900
grain,1920,1080,lt,1.23239,638870,63,566588,108.78,16,28,3.304600
grain,1920,1080,lt,1.23239,638870,63,566588,108.78,16,29,2.951500
grain,1920,1080,lt,1.23239,638870,63,566588,108.78,16,30,3.219300
grain,1920,1080,lt,1.23239,638870,63,566588,108.78,16,31,3.256100
grain,1920,1080,lt,1.23239,638870,63,566588,108.78,16,32,3.210500
grain,1920,1080,lt,1.23239,638870,63,566588,108.78,16,33,2.983300
grain,1920,1080,lt,1.23239,638870,63,566588,108.78,16,34,2.397800
grain,1920,1080,standard,1.87491,971953,61,830950,159.54,1,0,40.768800
grain,1920,1080,standard,1.87491,971953,61,830950,159.54,1,1,52.514900
grain,1920,1080,standard,1.87491,971953,61,830950,159.54,1,2,43.127100
grain,1920,1080,standard,1.87491,971953,61,830950,159.54,1,3,40.404900
grain,1920,1080,standard,1.87491,971953,61,830950,159.54,1,4,57.189100
grain,1920,1080,standard,1.87491,971953,61,830950,159.54,1,5,66.879000
grain,1920,1080,standard,1.87491,971953,61,830950,159.54,1,6,61.225500
grain,1920,1080,standard,1.87491,971953,61,830950,159.54,1,7,36.911500
grain,1920,1080,standard,1.87491,971953,61,830950,159.54,1,8,38.218600
grain,1920,1080,standard,1.87491,971953,61,830950,159.54,1,9,42.427900
grain,1920,1080,standard,1.87491,971953,61,830950,159.54,1,10,36.869300
grain,1920,1080,standard,1.87491,971953,61,830950,159.54,1,11,47.000200
grain,1920,1080,standard,1.87491,971953,61,830950,159.54,1,12,33.875700
grain,1920,1080,standard,1.87491,971953,61,830950,159.54,1,13,32.767700
grain,1920,1080,standard,1.87491,971953,61,830950,159.54,1,14,38.017700
grain,1920,1080,standard,1.87491,971953,61,830950,159.54,1,15,33.131900
grain,1920,1080,standard,1.87491,971953,61,830950,159.54,1,16,33.195200
grain,1920,1080,standard,1.87491,971953,61,830950,159.54,1,17,33.184200
grain,1920,1080,standard,1.87491,971953,61,830950,159.54,1,18,33.189800
grain,1920,1080,standard,1.87491,971953,61,830950,159.54,1,19,33.308900
grain,1920,1080,standard,1.87491,971953,61,830950,159.54,1,20,33.209200
grain,1920,1080,standard,1.87491,971953,61,830950,159.54,1,21,33.183500
grain,1920,1080,standard,1.87491,971953,61,830950,159.54,1,22,33.076900
grain,1920,1080,standard,1.87491,971953,61,830950,159.54,1,23,33.744200
grain,1920,1080,standard,1.87491,971953,61,830950,159.54,1,24,33.099900
grain,1920,1080,standard,1.87491,971953,61,830950,159.54,1,25,33.106200
grain,1920,1080,standard,1.87491,971953,61,830950,159.54,1,26,32.914600
grain,1920,1080,standard,1.87491,971953,61,830950,159.54,1,27,32.778800
grain,1920,1080,standard,1.87491,971953,61,830950,159.54,1,28,31.980900
grain,1920,1080,standard,1.87491,971953,61,830950,159.54,1,29,30.154400
grain,1920,1080,standard,1.87491,971953,61,830950,159.54,1,30,29.720800
grain,1920,1080,standard,1.87491,971953,61,830950,159.54,1,31,29.778900
grain,1920,1080,standard,1.87491,971953,61,830950,159.54,1,32,29.725000
grain,1920,1080,standard,1.87491,971953,61,830950,159.54,1,33,29.868000
grain,1920,1080,standard,1.87491,971953,61,830950,159.54,1,34,29.799000
grain,1920,1080,standard,1.87491,971953,61,830950,159.54,16,0,4.763900
grain,1920,1080,standard,1.87491,971953,61,830950,159.54,16,1,4.467900
grain,1920,1080,standard,1.87491,971953,61,830950,159.54,16,2,4.762200
grain,1920,1080,standard,1.87491,971953,61,830950,159.54,16,3,4.652100
grain,1920,1080,standard,1.87491,971953,61,830950,159.54,16,4,4.215800
grain,1920,1080,standard,1.87491,971953,61,830950,159.54,16,5,4.073000
grain,1920,1080,standard,1.87491,971953,61,830950,159.54,16,6,3.425700
grain,1920,1080,standard,1.87491,971953,61,830950,159.54,16,7,3.231100
grain,1920,1080,standard,1.87491,971953,61,830950,159.54,16,8,3.137400
grain,1920,1080,standard,1.87491,971953,61,830950,159.54,16,9,3.161000
grain,1920,1080,standard,1.87491,971953,61,830950,159.54,16,10,3.128100
grain,1920,1080,standard,1.87491,971953,61,830950,159.54,16,11,3.188500
grain,1920,1080,standard,1.87491,971953,61,830950,159.54,16,12,3.188700
grain,1920,1080,standard,1.87491,971953,61,830950,159.54,16,13,3.158700
grain,1920,1080,standard,1.87491,971953,61,830950,159.54,16,14,3.227800
grain,1920,1080,standard,1.87491,971953,61,830950,159.54,16,15,3.183800
grain,1920,1080,standard,1.87491,971953,61,830950,159.54,16,16,3.179600
grain,1920,1080,standard,1.87491,971953,61,830950,159.54,16,17,3.214700
grain,1920,1080,standard,1.87491,971953,61,830950,159.54,16,18,3.157900
grain,1920,1080,standard,1.87491,971953,61,830950,159.54,16,19,3.223500
grain,1920,1080,standard,1.87491,971953,61,830950,159.54,16,20,3.299900
grain,1920,1080,standard,1.87491,971953,61,830950,159.54,16,21,3.232900
grain,1920,1080,standard,1.87491,971953,61,830950,159.54,16,22,3.159000
grain,1920,1080,standard,1.87491,971953,61,830950,159.54,16,23,3.174000
grain,1920,1080,standard,1.87491,971953,61,830950,159.54,16,24,3.148500
grain,1920,1080,standard,1.87491,971953,61,830950,159.54,16,25,3.185200
grain,1920,1080,standard,1.87491,971953,61,830950,159.54,16,26,3.307400
grain,1920,1080,standard,1.87491,971953,61,830950,159.54,16,27,3.218300
grain,1920,1080,standard,1.87491,971953,61,830950,159.54,16,28,3.151100
grain,1920,1080,standard,1.87491,971953,61,830950,159.54,16,29,3.207200
grain,1920,1080,standard,1.87491,971953,61,830950,159.54,16,30,3.055800
grain,1920,1080,standard,1.87491,971953,61,830950,159.54,16,31,3.124500
grain,1920,1080,standard,1.87491,971953,61,830950,159.54,16,32,3.112600
grain,1920,1080,standard,1.87491,971953,61,830950,159.54,16,33,3.087900
grain,1920,1080,standard,1.87491,971953,61,830950,159.54,16,34,3.069900
grain,1920,1080,hq,2.75617,1428798,59,1158117,222.36,1,0,38.565900
grain,1920,1080,hq,2.75617,1428798,59,1158117,222.36,1,1,38.398200
grain,1920,1080,hq,2.75617,1428798,59,1158117,222.36,1,2,38.375800
grain,1920,1080,hq,2.75617,1428798,59,1158117,222.36,1,3,38.579800
grain,1920,1080,hq,2.75617,1428798,59,1158117,222.36,1,4,38.848700
grain,1920,1080,hq,2.75617,1428798,59,1158117,222.36,1,5,38.174700
grain,1920,1080,hq,2.75617,1428798,59,1158117,222.36,1,6,38.271300
grain,1920,1080,hq,2.75617,1428798,59,1158117,222.36,1,7,38.521500
grain,1920,1080,hq,2.75617,1428798,59,1158117,222.36,1,8,38.917100
grain,1920,1080,hq,2.75617,1428798,59,1158117,222.36,1,9,38.478200
grain,1920,1080,hq,2.75617,1428798,59,1158117,222.36,1,10,38.039100
grain,1920,1080,hq,2.75617,1428798,59,1158117,222.36,1,11,39.197600
grain,1920,1080,hq,2.75617,1428798,59,1158117,222.36,1,12,38.352500
grain,1920,1080,hq,2.75617,1428798,59,1158117,222.36,1,13,38.056600
grain,1920,1080,hq,2.75617,1428798,59,1158117,222.36,1,14,38.322500
grain,1920,1080,hq,2.75617,1428798,59,1158117,222.36,1,15,37.945400
grain,1920,1080,hq,2.75617,1428798,59,1158117,222.36,1,16,38.422100
grain,1920,1080,hq,2.75617,1428798,59,1158117,222.36,1,17,38.717200
grain,1920,1080,hq,2.75617,1428798,59,1158117,222.36,1,18,38.581300
grain,1920,1080,hq,2.75617,1428798,59,1158117,222.36,1,19,38.870800
grain,1920,1080,hq,2.75617,1428798,59,1158117,222.36,1,20,39.399600
grain,1920,1080,hq,2.75617,1428798,59,1158117,222.36,1,21,38.023600
grain,1920,1080,hq,2.75617,1428798,59,1158117,222.36,1,22,38.127300
grain,1920,1080,hq,2.75617,1428798,59,1158117,222.36,1,23,38.465000
grain,1920,1080,hq,2.75617,1428798,59,1158117,222.36,1,24,38.371000
grain,1920,1080,hq,2.75617,1428798,59,1158117,222.36,1,25,38.769200
grain,1920,1080,hq,2.75617,1428798,59,1158117,222.36,1,26,38.617600
grain,1920,1080,hq,2.75617,1428798,59,1158117,222.36,1,27,38.922300
grain,1920,1080,hq,2.75617,1428798,59,1158117,222.36,1,28,38.703500
grain,1920,1080,hq,2.75617,1428798,59,1158117,222.36,1,29,38.483100
grain,1920,1080,hq,2.75617,1428798,59,1158117,222.36,1,30,38.641500
grain,1920,1080,hq,2.75617,1428798,59,1158117,222.36,1,31,38.407300
grain,1920,1080,hq,2.75617,1428798,59,1158117,222.36,1,32,38.456300
grain,1920,1080,hq,2.75617,1428798,59,1158117,222.36,1,33,39.169900
grain,1920,1080,hq,2.75617,1428798,59,1158117,222.36,1,34,38.910200
grain,1920,1080,hq,2.75617,1428798,59,1158117,222.36,16,0,5.605500
grain,1920,1080,hq,2.75617,1428798,59,1158117,222.36,16,1,7.501100
grain,1920,1080,hq,2.75617,1428798,59,1158117,222.36,16,2,5.399100
grain,1920,1080,hq,2.75617,1428798,59,1158117,222.36,16,3,4.845100
grain,1920,1080,hq,2.75617,1428798,59,1158117,222.36,16,4,4.726000
grain,1920,1080,hq,2.75617,1428798,59,1158117,222.36,16,5,4.224300
grain,1920,1080,hq,2.75617,1428798,59,1158117,222.36,16,6,4.178700
grain,1920,1080,hq,2.75617,1428798,59,1158117,222.36,16,7,3.925900
grain,1920,1080,hq,2.75617,1428798,59,1158117,222.36,16,8,4.298500
grain,1920,1080,hq,2.75617,1428798,59,1158117,222.36,16,9,4.349900
grain,1920,1080,hq,2.75617,1428798,59,1158117,222.36,16,10,3.780100
grain,1920,1080,hq,2.75617,1428798,59,1158117,222.36,16,11,3.895500
grain,1920,1080,hq,2.75617,1428798,59,1158117,222.36,16,12,3.807900
grain,1920,1080,hq,2.75617,1428798,59,1158117,222.36,16,13,3.792800
grain,1920,1080,hq,2.75617,1428798,59,1158117,222.36,16,14,3.903000
grain,1920,1080,hq,2.75617,1428798,59,1158117,222.36,16,15,3.837800
grain,1920,1080,hq,2.75617,1428798,59,1158117,222.36,16,16,3.791600
grain,1920,1080,hq,2.75617,1428798,59,1158117,222.36,16,17,3.848600
grain,1920,1080,hq,2.75617,1428798,59,1158117,222.36,16,18,3.824000
grain,1920,1080,hq,2.75617,1428798,59,1158117,222.36,16,19,3.876900
grain,1920,1080,hq,2.75617,1428798,59,1158117,222.36,16,20,3.801500
grain,1920,1080,hq,2.75617,1428798,59,1158117,222.36,16,21,3.973400
grain,1920,1080,hq,2.75617,1428798,59,1158117,222.36,16,22,3.815000
grain,1920,1080,hq,2.75617,1428798,59,1158117,222.36,16,23,4.070500
grain,1920,1080,hq,2.75617,1428798,59,1158117,222.36,16,24,3.861900
grain,1920,1080,hq,2.75617,1428798,59,1158117,222.36,16,25,4.081400
grain,1920,1080,hq,2.75617,1428798,59,1158117,222.36,16,26,3.877500
grain,1920,1080,hq,2.75617,1428798,59,1158117,222.36,16,27,4.089000
grain,1920,1080,hq,2.75617,1428798,59,1158117,222.36,16,28,3.761100
grain,1920,1080,hq,2.75617,1428798,59,1158117,222.36,16,29,3.786500
grain,1920,1080,hq,2.75617,1428798,59,1158117,222.36,16,30,3.786600
grain,1920,1080,hq,2.75617,1428798,59,1158117,222.36,16,31,3.905400
grain,1920,1080,hq,2.75617,1428798,59,1158117,222.36,16,32,3.847800
grain,1920,1080,hq,2.75617,1428798,59,1158117,222.36,16,33,3.866700
grain,1920,1080,hq,2.75617,1428798,59,1158117,222.36,16,34,3.805500
gradient,3840,2160,proxy,0.60509,1254714,56,1224004,235.01,1,0,46.792700
gradient,3840,2160,proxy,0.60509,1254714,56,1224004,235.01,1,1,46.597400
gradient,3840,2160,proxy,0.60509,1254714,56,1224004,235.01,1,2,46.198500
gradient,3840,2160,proxy,0.60509,1254714,56,1224004,235.01,1,3,46.615200
gradient,3840,2160,proxy,0.60509,1254714,56,1224004,235.01,1,4,45.518100
gradient,3840,2160,proxy,0.60509,1254714,56,1224004,235.01,1,5,46.313600
gradient,3840,2160,proxy,0.60509,1254714,56,1224004,235.01,1,6,46.588800
gradient,3840,2160,proxy,0.60509,1254714,56,1224004,235.01,1,7,46.128100
gradient,3840,2160,proxy,0.60509,1254714,56,1224004,235.01,1,8,46.159300
gradient,3840,2160,proxy,0.60509,1254714,56,1224004,235.01,1,9,45.939900
gradient,3840,2160,proxy,0.60509,1254714,56,1224004,235.01,1,10,45.816000
gradient,3840,2160,proxy,0.60509,1254714,56,1224004,235.01,1,11,45.971900
gradient,3840,2160,proxy,0.60509,1254714,56,1224004,235.01,1,12,45.947000
gradient,3840,2160,proxy,0.60509,1254714,56,1224004,235.01,1,13,46.116300
gradient,3840,2160,proxy,0.60509,1254714,56,1224004,235.01,1,14,46.085800
gradient,3840,2160,proxy,0.60509,1254714,56,1224004,235.01,1,15,46.246100
gradient,3840,2160,proxy,0.60509,1254714,56,1224004,235.01,1,16,46.031200
gradient,3840,2160,proxy,0.60509,1254714,56,1224004,235.01,1,17,46.046600
gradient,3840,2160,proxy,0.60509,1254714,56,1224004,235.01,1,18,46.255000
gradient,3840,2160,proxy,0.60509,1254714,56,1224004,235.01,1,19,46.410700
gradient,3840,2160,proxy,0.60509,1254714,56,1224004,235.01,16,0,7.686700
gradient,3840,2160,proxy,0.60509,1254714,56,1224004,235.01,16,1,7.862400
gradient,3840,2160,proxy,0.60509,1254714,56,1224004,235.01,16,2,6.587700
gradient,3840,2160,proxy,0.60509,1254714,56,1224004,235.01,16,3,6.265700
gradient,3840,2160,proxy,0.60509,1254714,56,1224004,235.01,16,4,5.205500
gradient,3840,2160,proxy,0.60509,1254714,56,1224004,235.01,16,5,4.606600
gradient,3840,2160,proxy,0.60509,1254714,56,1224004,235.01,16,6,4.527100
gradient,3840,2160,proxy,0.60509,1254714,56,1224004,235.01,16,7,4.612000
gradient,3840,2160,proxy,0.60509,1254714,56,1224004,235.01,16,8,4.643000
gradient,3840,2160,proxy,0.60509,1254714,56,1224004,235.01,16,9,4.576900
gradient,3840,2160,proxy,0.60509,1254714,56,1224004,235.01,16,10,4.744900
gradient,3840,2160,proxy,0.60509,1254714,56,1224004,235.01,16,11,4.758600
gradient,3840,2160,proxy,0.60509,1254714,56,1224004,235.01,16,12,4.647900
gradient,3840,2160,proxy,0.60509,1254714,56,1224004,235.01,16,13,4.638900
gradient,3840,2160,proxy,0.60509,1254714,56,1224004,235.01,16,14,4.691600
gradient,3840,2160,proxy,0.60509,1254714,56,1224004,235.01,16,15,4.767000
gradient,3840,2160,proxy,0.60509,1254714,56,1224004,235.01,16,16,4.559600
gradient,3840,2160,proxy,0.60509,1254714,56,1224004,235.01,16,17,4.761200
gradient,3840,2160,proxy,0.60509,1254714,56,1224004,235.01,16,18,4.733700
gradient,3840,2160,proxy,0.60509,1254714,56,1224004,235.01,16,19,4.786900
gradient,3840,2160,lt,1.23239,2555483,43,2474401,475.08,1,0,64.402100
gradient,3840,2160,lt,1.23239,2555483,43,2474401,475.08,1,1,64.465800
gradient,3840,2160,lt,1.23239,2555483,43,2474401,475.08,1,2,64.767900
gradient,3840,2160,lt,1.23239,2555483,43,2474401,475.08,1,3,64.612100
gradient,3840,2160,lt,1.23239,2555483,43,2474401,475.08,1,4,64.515200
gradient,3840,2160,lt,1.23239,2555483,43,2474401,475.08,1,5,64.322600
gradient,3840,2160,lt,1.23239,2555483,43,2474401,475.08,1,6,65.564000
gradient,3840,2160,lt,1.23239,2555483,43,2474401,475.08,1,7,65.585300
gradient,3840,2160,lt,1.23239,2555483,43,2474401,475.08,1,8,64.607400
gradient,3840,2160,lt,1.23239,2555483,43,2474401,475.08,1,9,64.342500
gradient,3840,2160,lt,1.23239,2555483,43,2474401,475.08,1,10,65.046300
gradient,3840,2160,lt,1.23239,2555483,43,2474401,475.08,1,11,65.274500
gradient,3840,2160,lt,1.23239,2555483,43,2474401,475.08,1,12,65.077000
gradient,3840,2160,lt,1.23239,2555483,43,2474401,475.08,1,13,65.796700
gradient,3840,2160,lt,1.23239,2555483,43,2474401,475.08,1,14,66.295200
gradient,3840,2160,lt,1.23239,2555483,43,2474401,475.08,1,15,65.269300
gradient,3840,2160,lt,1.23239,2555483,43,2474401,475.08,1,16,64.794400
gradient,3840,2160,lt,1.23239,2555483,43,2474401,475.08,1,17,64.579400
gradient,3840,2160,lt,1.23239,2555483,43,2474401,475.08,1,18,64.897800
gradient,3840,2160,lt,1.23239,2555483,43,2474401,475.08,1,19,64.502900
gradient,3840,2160,lt,1.23239,2555483,43,2474401,475.08,16,0,6.690400
gradient,3840,2160,lt,1.23239,2555483,43,2474401,475.08,16,1,6.422700
gradient,3840,2160,lt,1.23239,2555483,43,2474401,475.08,16,2,6.545200
gradient,3840,2160,lt,1.23239,2555483,43,2474401,475.08,16,3,6.963000
gradient,3840,2160,lt,1.23239,2555483,43,2474401,475.08,16,4,6.346000
gradient,3840,2160,lt,1.23239,2555483,43,2474401,475.08,16,5,6.286900
gradient,3840,2160,lt,1.23239,2555483,43,2474401,475.08,16,6,6.258900
gradient,3840,2160,lt,1.23239,2555483,43,2474401,475.08,16,7,6.588200
gradient,3840,2160,lt,1.23239,2555483,43,2474401,475.08,16,8,6.316900
gradient,3840,2160,lt,1.23239,2555483,43,2474401,475.08,16,9,6.180300
gradient,3840,2160,lt,1.23239,2555483,43,2474401,475.08,16,10,6.280100
gradient,3840,2160,lt,1.23239,2555483,43,2474401,475.08,16,11,6.263500
gradient,3840,2160,lt,1.23239,2555483,43,2474401,475.08,16,12,6.256100
gradient,3840,2160,lt,1.23239,2555483,43,2474401,475.08,16,13,6.649300
gradient,3840,2160,lt,1.23239,2555483,43,2474401,475.08,16,14,6.335400
gradient,3840,2160,lt,1.23239,2555483,43,2474401,475.08,16,15,6.471800
gradient,3840,2160,lt,1.23239,2555483,43,2474401,475.08,16,16,6.387200
gradient,3840,2160,lt,1.23239,2555483,43,2474401,475.08,16,17,6.102700
gradient,3840,2160,lt,1.23239,2555483,43,2474401,475.08,16,18,6.092400
gradient,3840,2160,lt,1.23239,2555483,43,2474401,475.08,16,19,6.133200
gradient,3840,2160,standard,1.87491,3887813,22,3841706,737.61,1,0,79.038800
gradient,3840,2160,standard,1.87491,3887813,22,3841706,737.61,1,1,79.009000
gradient,3840,2160,standard,1.87491,3887813,22,3841706,737.61,1,2,80.681700
gradient,3840,2160,standard,1.87491,3887813,22,3841706,737.61,1,3,79.562300
gradient,3840,2160,standard,1.87491,3887813,22,3841706,737.61,1,4,78.082700
gradient,3840,2160,standard,1.87491,3887813,22,3841706,737.61,1,5,78.297800
gradient,3840,2160,standard,1.87491,3887813,22,3841706,737.61,1,6,78.641400
gradient,3840,2160,standard,1.87491,3887813,22,3841706,737.61,1,7,78.135000
gradient,3840,2160,standard,1.87491,3887813,22,3841706,737.61,1,8,79.955700
gradient,3840,2160,standard,1.87491,3887813,22,3841706,737.61,1,9,79.561900
gradient,3840,2160,standard,1.87491,3887813,22,3841706,737.61,1,10,79.050800
gradient,3840,2160,standard,1.87491,3887813,22,3841706,737.61,1,11,85.182200
gradient,3840,2160,standard,1.87491,3887813,22,3841706,737.61,1,12,78.098000
gradient,3840,2160,standard,1.87491,3887813,22,3841706,737.61,1,13,103.214300
gradient,3840,2160,standard,1.87491,3887813,22,3841706,737.61,1,14,102.824900
gradient,3840,2160,standard,1.87491,3887813,22,3841706,737.61,1,15,79.623500
gradient,3840,2160,standard,1.87491,3887813,22,3841706,737.61,1,16,105.819100
gradient,3840,2160,standard,1.87491,3887813,22,3841706,737.61,1,17,101.146800
gradient,3840,2160,standard,1.87491,3887813,22,3841706,737.61,1,18,79.099400
gradient,3840,2160,standard,1.87491,3887813,22,3841706,737.61,1,19,104.534900
gradient,3840,2160,standard,1.87491,3887813,22,3841706,737.61,16,0,7.824800
gradient,3840,2160,standard,1.87491,3887813,22,3841706,737.61,16,1,7.668400
gradient,3840,2160,standard,1.87491,3887813,22,3841706,737.61,16,2,7.727000
gradient,3840,2160,standard,1.87491,3887813,22,3841706,737.61,16,3,11.016500
gradient,3840,2160,standard,1.87491,3887813,22,3841706,737.61,16,4,14.862700
gradient,3840,2160,standard,1.87491,3887813,22,3841706,737.61,16,5,15.150600
gradient,3840,2160,standard,1.87491,3887813,22,3841706,737.61,16,6,10.984500
gradient,3840,2160,standard,1.87491,3887813,22,3841706,737.61,16,7,12.583300
gradient,3840,2160,standard,1.87491,3887813,22,3841706,737.61,16,8,7.725400
gradient,3840,2160,standard,1.87491,3887813,22,3841706,737.61,16,9,7.519300
gradient,3840,2160,standard,1.87491,3887813,22,3841706,737.61,16,10,7.272000
gradient,3840,2160,standard,1.87491,3887813,22,3841706,737.61,16,11,7.408600
gradient,3840,2160,standard,1.87491,3887813,22,3841706,737.61,16,12,8.448100
gradient,3840,2160,standard,1.87491,3887813,22,3841706,737.61,16,13,7.605200
gradient,3840,2160,standard,1.87491,3887813,22,3841706,737.61,16,14,7.223900
gradient,3840,2160,standard,1.87491,3887813,22,3841706,737.61,16,15,7.643400
gradient,3840,2160,standard,1.87491,3887813,22,3841706,737.61,16,16,7.577400
gradient,3840,2160,standard,1.87491,3887813,22,3841706,737.61,16,17,7.677600
gradient,3840,2160,standard,1.87491,3887813,22,3841706,737.61,16,18,7.659200
gradient,3840,2160,standard,1.87491,3887813,22,3841706,737.61,16,19,7.366700
gradient,3840,2160,hq,2.75617,5715194,0,4115883,790.25,1,0,83.320600
gradient,3840,2160,hq,2.75617,5715194,0,4115883,790.25,1,1,108.132500
gradient,3840,2160,hq,2.75617,5715194,0,4115883,790.25,1,2,97.095800
gradient,3840,2160,hq,2.75617,5715194,0,4115883,790.25,1,3,84.081300
gradient,3840,2160,hq,2.75617,5715194,0,4115883,790.25,1,4,98.016700
gradient,3840,2160,hq,2.75617,5715194,0,4115883,790.25,1,5,94.770200
gradient,3840,2160,hq,2.75617,5715194,0,4115883,790.25,1,6,86.632400
gradient,3840,2160,hq,2.75617,5715194,0,4115883,790.25,1,7,98.037500
gradient,3840,2160,hq,2.75617,5715194,0,4115883,790.25,1,8,96.059400
gradient,3840,2160,hq,2.75617,5715194,0,4115883,790.25,1,9,85.980900
gradient,3840,2160,hq,2.75617,5715194,0,4115883,790.25,1,10,103.395900
gradient,3840,2160,hq,2.75617,5715194,0,4115883,790.25,1,11,99.184100
gradient,3840,2160,hq,2.75617,5715194,0,4115883,790.25,1,12,82.780400
gradient,3840,2160,hq,2.75617,5715194,0,4115883,790.25,1,13,84.025200
gradient,3840,2160,hq,2.75617,5715194,0,4115883,790.25,1,14,97.522000
gradient,3840,2160,hq,2.75617,5715194,0,4115883,790.25,1,15,82.555400
gradient,3840,2160,hq,2.75617,5715194,0,4115883,790.25,1,16,106.223500
gradient,3840,2160,hq,2.75617,5715194,0,4115883,790.25,1,17,99.031800
gradient,3840,2160,hq,2.75617,5715194,0,4115883,790.25,1,18,82.661000
gradient,3840,2160,hq,2.75617,5715194,0,4115883,790.25,1,19,101.151500
gradient,3840,2160,hq,2.75617,5715194,0,4115883,790.25,16,0,8.552700
gradient,3840,2160,hq,2.75617,5715194,0,4115883,790.25,16,1,7.724400
gradient,3840,2160,hq,2.75617,5715194,0,4115883,790.25,16,2,7.837800
gradient,3840,2160,hq,2.75617,5715194,0,4115883,790.25,16,3,7.649800
gradient,3840,2160,hq,2.75617,5715194,0,4115883,790.25,16,4,7.882700
gradient,3840,2160,hq,2.75617,5715194,0,4115883,790.25,16,5,18.954900
gradient,3840,2160,hq,2.75617,5715194,0,4115883,790.25,16,6,18.787400
gradient,3840,2160,hq,2.75617,5715194,0,4115883,790.25,16,7,11.516200
gradient,3840,2160,hq,2.75617,5715194,0,4115883,790.25,16,8,10.614700
gradient,3840,2160,hq,2.75617,5715194,0,4115883,790.25,16,9,8.027100
gradient,3840,2160,hq,2.75617,5715194,0,4115883,790.25,16,10,7.866100
gradient,3840,2160,hq,2.75617,5715194,0,4115883,790.25,16,11,7.853700
gradient,3840,2160,hq,2.75617,5715194,0,4115883,790.25,16,12,7.808500
gradient,3840,2160,hq,2.75617,5715194,0,4115883,790.25,16,13,7.700600
gradient,3840,2160,hq,2.75617,5715194,0,4115883,790.25,16,14,7.705700
gradient,3840,2160,hq,2.75617,5715194,0,4115883,790.25,16,15,7.762500
gradient,3840,2160,hq,2.75617,5715194,0,4115883,790.25,16,16,7.903800
gradient,3840,2160,hq,2.75617,5715194,0,4115883,790.25,16,17,7.601200
gradient,3840,2160,hq,2.75617,5715194,0,4115883,790.25,16,18,7.624100
gradient,3840,2160,hq,2.75617,5715194,0,4115883,790.25,16,19,7.527100
grain,3840,2160,proxy,0.60509,1254714,66,1134880,217.90,1,0,66.498800
grain,3840,2160,proxy,0.60509,1254714,66,1134880,217.90,1,1,72.659100
grain,3840,2160,proxy,0.60509,1254714,66,1134880,217.90,1,2,65.432600
grain,3840,2160,proxy,0.60509,1254714,66,1134880,217.90,1,3,73.500700
grain,3840,2160,proxy,0.60509,1254714,66,1134880,217.90,1,4,54.747600
grain,3840,2160,proxy,0.60509,1254714,66,1134880,217.90,1,5,81.238600
grain,3840,2160,proxy,0.60509,1254714,66,1134880,217.90,1,6,54.347300
grain,3840,2160,proxy,0.60509,1254714,66,1134880,217.90,1,7,74.402800
grain,3840,2160,proxy,0.60509,1254714,66,1134880,217.90,1,8,54.801400
grain,3840,2160,proxy,0.60509,1254714,66,1134880,217.90,1,9,76.977900
grain,3840,2160,proxy,0.60509,1254714,66,1134880,217.90,1,10,54.806700
grain,3840,2160,proxy,0.60509,1254714,66,1134880,217.90,1,11,84.318400
grain,3840,2160,proxy,0.60509,1254714,66,1134880,217.90,1,12,54.767800
grain,3840,2160,proxy,0.60509,1254714,66,1134880,217.90,1,13,69.383000
grain,3840,2160,proxy,0.60509,1254714,66,1134880,217.90,1,14,63.422900
grain,3840,2160,proxy,0.60509,1254714,66,1134880,217.90,1,15,56.293500
grain,3840,2160,proxy,0.60509,1254714,66,1134880,217.90,1,16,54.247700
grain,3840,2160,proxy,0.60509,1254714,66,1134880,217.90,1,17,54.638000
grain,3840,2160,proxy,0.60509,1254714,66,1134880,217.90,1,18,54.206600
grain,3840,2160,proxy,0.60509,1254714,66,1134880,217.90,1,19,55.865900
grain,3840,2160,proxy,0.60509,1254714,66,1134880,217.90,16,0,5.723500
grain,3840,2160,proxy,0.60509,1254714,66,1134880,217.90,16,1,5.817400
grain,3840,2160,proxy,0.60509,1254714,66,1134880,217.90,16,2,5.712100
grain,3840,2160,proxy,0.60509,1254714,66,1134880,217.90,16,3,6.274200
grain,3840,2160,proxy,0.60509,1254714,66,1134880,217.90,16,4,6.065800
grain,3840,2160,proxy,0.60509,1254714,66,1134880,217.90,16,5,5.461300
grain,3840,2160,proxy,0.60509,1254714,66,1134880,217.90,16,6,5.718700
grain,3840,2160,proxy,0.60509,1254714,66,1134880,217.90,16,7,5.594500
grain,3840,2160,proxy,0.60509,1254714,66,1134880,217.90,16,8,5.518500
grain,3840,2160,proxy,0.60509,1254714,66,1134880,217.90,16,9,5.548600
grain,3840,2160,proxy,0.60509,1254714,66,1134880,217.90,16,10,5.798300
grain,3840,2160,proxy,0.60509,1254714,66,1134880,217.90,16,11,5.491100
grain,3840,2160,proxy,0.60509,1254714,66,1134880,217.90,16,12,5.456800
grain,3840,2160,proxy,0.60509,1254714,66,1134880,217.90,16,13,6.340500
grain,3840,2160,proxy,0.60509,1254714,66,1134880,217.90,16,14,5.695500
grain,3840,2160,proxy,0.60509,1254714,66,1134880,217.90,16,15,5.693700
grain,3840,2160,proxy,0.60509,1254714,66,1134880,217.90,16,16,5.751700
grain,3840,2160,proxy,0.60509,1254714,66,1134880,217.90,16,17,5.660500
grain,3840,2160,proxy,0.60509,1254714,66,1134880,217.90,16,18,5.666000
grain,3840,2160,proxy,0.60509,1254714,66,1134880,217.90,16,19,5.632400
grain,3840,2160,lt,1.23239,2555483,63,2264902,434.86,1,0,90.413900
grain,3840,2160,lt,1.23239,2555483,63,2264902,434.86,1,1,96.446600
grain,3840,2160,lt,1.23239,2555483,63,2264902,434.86,1,2,91.126100
grain,3840,2160,lt,1.23239,2555483,63,2264902,434.86,1,3,90.863100
grain,3840,2160,lt,1.23239,2555483,63,2264902,434.86,1,4,98.820700
grain,3840,2160,lt,1.23239,2555483,63,2264902,434.86,1,5,96.072900
grain,3840,2160,lt,1.23239,2555483,63,2264902,434.86,1,6,98.319000
grain,3840,2160,lt,1.23239,2555483,63,2264902,434.86,1,7,95.605600
grain,3840,2160,lt,1.23239,2555483,63,2264902,434.86,1,8,97.914600
grain,3840,2160,lt,1.23239,2555483,63,2264902,434.86,1,9,95.499300
grain,3840,2160,lt,1.23239,2555483,63,2264902,434.86,1,10,91.089600
grain,3840,2160,lt,1.23239,2555483,63,2264902,434.86,1,11,90.376200
grain,3840,2160,lt,1.23239,2555483,63,2264902,434.86,1,12,91.119600
grain,3840,2160,lt,1.23239,2555483,63,2264902,434.86,1,13,90.890600
grain,3840,2160,lt,1.23239,2555483,63,2264902,434.86,1,14,91.097000
grain,3840,2160,lt,1.23239,2555483,63,2264902,434.86,1,15,90.872700
grain,3840,2160,lt,1.23239,2555483,63,2264902,434.86,1,16,90.674600
grain,3840,2160,lt,1.23239,2555483,63,2264902,434.86,1,17,89.960400
grain,3840,2160,lt,1.23239,2555483,63,2264902,434.86,1,18,90.451900
grain,3840,2160,lt,1.23239,2555483,63,2264902,434.86,1,19,90.195300
grain,3840,2160,lt,1.23239,2555483,63,2264902,434.86,16,0,8.901900
grain,3840,2160,lt,1.23239,2555483,63,2264902,434.86,16,1,9.331000
grain,3840,2160,lt,1.23239,2555483,63,2264902,434.86,16,2,9.012200
grain,3840,2160,lt,1.23239,2555483,63,2264902,434.86,16,3,9.191900
grain,3840,2160,lt,1.23239,2555483,63,2264902,434.86,16,4,8.975300
grain,3840,2160,lt,1.23239,2555483,63,2264902,434.86,16,5,9.351600
grain,3840,2160,lt,1.23239,2555483,63,2264902,434.86,16,6,9.020500
grain,3840,2160,lt,1.23239,2555483,63,2264902,434.86,16,7,9.441900
grain,3840,2160,lt,1.23239,2555483,63,2264902,434.86,16,8,9.022700
grain,3840,2160,lt,1.23239,2555483,63,2264902,434.86,16,9,9.263100
grain,3840,2160,lt,1.23239,2555483,63,2264902,434.86,16,10,9.137300
grain,3840,2160,lt,1.23239,2555483,63,2264902,434.86,16,11,9.139600
grain,3840,2160,lt,1.23239,2555483,63,2264902,434.86,16,12,8.739600
grain,3840,2160,lt,1.23239,2555483,63,2264902,434.86,16,13,8.838900
grain,3840,2160,lt,1.23239,2555483,63,2264902,434.86,16,14,8.886700
grain,3840,2160,lt,1.23239,2555483,63,2264902,434.86,16,15,9.123500
grain,3840,2160,lt,1.23239,2555483,63,2264902,434.86,16,16,8.888800
grain,3840,2160,lt,1.23239,2555483,63,2264902,434.86,16,17,8.782500
grain,3840,2160,lt,1.23239,2555483,63,2264902,434.86,16,18,8.767800
grain,3840,2160,lt,1.23239,2555483,63,2264902,434.86,16,19,8.762100
grain,3840,2160,standard,1.87491,3887813,61,3324579,638.32,1,0,120.108900
grain,3840,2160,standard,1.87491,3887813,61,3324579,638.32,1,1,118.803600
grain,3840,2160,standard,1.87491,3887813,61,3324579,638.32,1,2,118.723100
grain,3840,2160,standard,1.87491,3887813,61,3324579,638.32,1,3,118.943200
grain,3840,2160,standard,1.87491,3887813,61,3324579,638.32,1,4,118.791800
grain,3840,2160,standard,1.87491,3887813,61,3324579,638.32,1,5,118.736500
grain,3840,2160,standard,1.87491,3887813,61,3324579,638.32,1,6,119.515400
grain,3840,2160,standard,1.87491,3887813,61,3324579,638.32,1,7,120.688600
grain,3840,2160,standard,1.87491,3887813,61,3324579,638.32,1,8,119.996300
grain,3840,2160,standard,1.87491,3887813,61,3324579,638.32,1,9,118.740800
grain,3840,2160,standard,1.87491,3887813,61,3324579,638.32,1,10,118.724600
grain,3840,2160,standard,1.87491,3887813,61,3324579,638.32,1,11,118.914700
grain,3840,2160,standard,1.87491,3887813,61,3324579,638.32,1,12,119.269300
grain,3840,2160,standard,1.87491,3887813,61,3324579,638.32,1,13,119.362100
grain,3840,2160,standard,1.87491,3887813,61,3324579,638.32,1,14,119.514700
grain,3840,2160,standard,1.87491,3887813,61,3324579,638.32,1,15,120.780100
grain,3840,2160,standard,1.87491,3887813,61,3324579,638.32,1,16,122.204300
grain,3840,2160,standard,1.87491,3887813,61,3324579,638.32,1,17,117.594200
grain,3840,2160,standard,1.87491,3887813,61,3324579,638.32,1,18,118.090100
grain,3840,2160,standard,1.87491,3887813,61,3324579,638.32,1,19,117.771600
grain,3840,2160,standard,1.87491,3887813,61,3324579,638.32,16,0,12.052200
grain,3840,2160,standard,1.87491,3887813,61,3324579,638.32,16,1,11.593500
grain,3840,2160,standard,1.87491,3887813,61,3324579,638.32,16,2,11.934000
grain,3840,2160,standard,1.87491,3887813,61,3324579,638.32,16,3,11.903800
grain,3840,2160,standard,1.87491,3887813,61,3324579,638.32,16,4,11.797700
grain,3840,2160,standard,1.87491,3887813,61,3324579,638.32,16,5,11.561500
grain,3840,2160,standard,1.87491,3887813,61,3324579,638.32,16,6,11.809300
grain,3840,2160,standard,1.87491,3887813,61,3324579,638.32,16,7,11.931300
grain,3840,2160,standard,1.87491,3887813,61,3324579,638.32,16,8,11.604500
grain,3840,2160,standard,1.87491,3887813,61,3324579,638.32,16,9,12.099900
grain,3840,2160,standard,1.87491,3887813,61,3324579,638.32,16,10,12.011500
grain,3840,2160,standard,1.87491,3887813,61,3324579,638.32,16,11,12.017500
grain,3840,2160,standard,1.87491,3887813,61,3324579,638.32,16,12,11.765200
grain,3840,2160,standard,1.87491,3887813,61,3324579,638.32,16,13,11.993600
grain,3840,2160,standard,1.87491,3887813,61,3324579,638.32,16,14,11.919100
grain,3840,2160,standard,1.87491,3887813,61,3324579,638.32,16,15,11.983600
grain,3840,2160,standard,1.87491,3887813,61,3324579,638.32,16,16,11.999900
grain,3840,2160,standard,1.87491,3887813,61,3324579,638.32,16,17,12.007500
grain,3840,2160,standard,1.87491,3887813,61,3324579,638.32,16,18,11.965500
grain,3840,2160,standard,1.87491,3887813,61,3324579,638.32,16,19,12.021900
grain,3840,2160,hq,2.75617,5715194,59,4630520,889.06,1,0,154.005700
grain,3840,2160,hq,2.75617,5715194,59,4630520,889.06,1,1,153.480500
grain,3840,2160,hq,2.75617,5715194,59,4630520,889.06,1,2,156.689000
grain,3840,2160,hq,2.75617,5715194,59,4630520,889.06,1,3,153.886000
grain,3840,2160,hq,2.75617,5715194,59,4630520,889.06,1,4,153.671100
grain,3840,2160,hq,2.75617,5715194,59,4630520,889.06,1,5,153.619500
grain,3840,2160,hq,2.75617,5715194,59,4630520,889.06,1,6,153.532700
grain,3840,2160,hq,2.75617,5715194,59,4630520,889.06,1,7,153.925000
grain,3840,2160,hq,2.75617,5715194,59,4630520,889.06,1,8,154.209200
grain,3840,2160,hq,2.75617,5715194,59,4630520,889.06,1,9,153.736600
grain,3840,2160,hq,2.75617,5715194,59,4630520,889.06,1,10,153.781700
grain,3840,2160,hq,2.75617,5715194,59,4630520,889.06,1,11,153.859700
grain,3840,2160,hq,2.75617,5715194,59,4630520,889.06,1,12,154.351400
grain,3840,2160,hq,2.75617,5715194,59,4630520,889.06,1,13,217.154400
grain,3840,2160,hq,2.75617,5715194,59,4630520,889.06,1,14,195.239200
grain,3840,2160,hq,2.75617,5715194,59,4630520,889.06,1,15,188.392300
grain,3840,2160,hq,2.75617,5715194,59,4630520,889.06,1,16,208.746700
grain,3840,2160,hq,2.75617,5715194,59,4630520,889.06,1,17,206.946700
grain,3840,2160,hq,2.75617,5715194,59,4630520,889.06,1,18,199.043500
grain,3840,2160,hq,2.75617,5715194,59,4630520,889.06,1,19,169.912800
grain,3840,2160,hq,2.75617,5715194,59,4630520,889.06,16,0,15.849800
grain,3840,2160,hq,2.75617,5715194,59,4630520,889.06,16,1,17.175100
grain,3840,2160,hq,2.75617,5715194,59,4630520,889.06,16,2,15.897400
grain,3840,2160,hq,2.75617,5715194,59,4630520,889.06,16,3,15.741000
grain,3840,2160,hq,2.75617,5715194,59,4630520,889.06,16,4,16.166900
grain,3840,2160,hq,2.75617,5715194,59,4630520,889.06,16,5,17.215400
grain,3840,2160,hq,2.75617,5715194,59,4630520,889.06,16,6,15.879900
grain,3840,2160,hq,2.75617,5715194,59,4630520,889.06,16,7,16.056400
grain,3840,2160,hq,2.75617,5715194,59,4630520,889.06,16,8,16.526900
grain,3840,2160,hq,2.75617,5715194,59,4630520,889.06,16,9,16.758100
grain,3840,2160,hq,2.75617,5715194,59,4630520,889.06,16,10,15.536500
grain,3840,2160,hq,2.75617,5715194,59,4630520,889.06,16,11,17.708500
grain,3840,2160,hq,2.75617,5715194,59,4630520,889.06,16,12,17.932700
grain,3840,2160,hq,2.75617,5715194,59,4630520,889.06,16,13,16.212100
grain,3840,2160,hq,2.75617,5715194,59,4630520,889.06,16,14,15.866000
grain,3840,2160,hq,2.75617,5715194,59,4630520,889.06,16,15,17.274500
grain,3840,2160,hq,2.75617,5715194,59,4630520,889.06,16,16,18.032600
grain,3840,2160,hq,2.75617,5715194,59,4630520,889.06,16,17,15.908200
grain,3840,2160,hq,2.75617,5715194,59,4630520,889.06,16,18,16.287400
grain,3840,2160,hq,2.75617,5715194,59,4630520,889.06,16,19,17.914200
gradient,5760,3240,proxy,0.60509,2823107,55,2626729,504.33,1,0,99.396000
gradient,5760,3240,proxy,0.60509,2823107,55,2626729,504.33,1,1,99.019300
gradient,5760,3240,proxy,0.60509,2823107,55,2626729,504.33,1,2,99.452700
gradient,5760,3240,proxy,0.60509,2823107,55,2626729,504.33,1,3,99.567900
gradient,5760,3240,proxy,0.60509,2823107,55,2626729,504.33,1,4,99.915300
gradient,5760,3240,proxy,0.60509,2823107,55,2626729,504.33,1,5,100.273000
gradient,5760,3240,proxy,0.60509,2823107,55,2626729,504.33,1,6,102.051800
gradient,5760,3240,proxy,0.60509,2823107,55,2626729,504.33,1,7,99.855600
gradient,5760,3240,proxy,0.60509,2823107,55,2626729,504.33,1,8,99.668300
gradient,5760,3240,proxy,0.60509,2823107,55,2626729,504.33,1,9,99.942700
gradient,5760,3240,proxy,0.60509,2823107,55,2626729,504.33,1,10,100.664500
gradient,5760,3240,proxy,0.60509,2823107,55,2626729,504.33,1,11,100.340700
gradient,5760,3240,proxy,0.60509,2823107,55,2626729,504.33,1,12,100.089300
gradient,5760,3240,proxy,0.60509,2823107,55,2626729,504.33,1,13,100.152200
gradient,5760,3240,proxy,0.60509,2823107,55,2626729,504.33,1,14,101.602200
gradient,5760,3240,proxy,0.60509,2823107,55,2626729,504.33,16,0,10.456700
gradient,5760,3240,proxy,0.60509,2823107,55,2626729,504.33,16,1,9.986000
gradient,5760,3240,proxy,0.60509,2823107,55,2626729,504.33,16,2,9.658000
gradient,5760,3240,proxy,0.60509,2823107,55,2626729,504.33,16,3,9.388700
gradient,5760,3240,proxy,0.60509,2823107,55,2626729,504.33,16,4,9.396300
gradient,5760,3240,proxy,0.60509,2823107,55,2626729,504.33,16,5,9.832100
gradient,5760,3240,proxy,0.60509,2823107,55,2626729,504.33,16,6,9.722200
gradient,5760,3240,proxy,0.60509,2823107,55,2626729,504.33,16,7,9.548600
gradient,5760,3240,proxy,0.60509,2823107,55,2626729,504.33,16,8,9.246900
gradient,5760,3240,proxy,0.60509,2823107,55,2626729,504.33,16,9,9.737200
gradient,5760,3240,proxy,0.60509,2823107,55,2626729,504.33,16,10,9.735500
gradient,5760,3240,proxy,0.60509,2823107,55,2626729,504.33,16,11,9.415800
gradient,5760,3240,proxy,0.60509,2823107,55,2626729,504.33,16,12,9.596000
gradient,5760,3240,proxy,0.60509,2823107,55,2626729,504.33,16,13,9.533100
gradient,5760,3240,proxy,0.60509,2823107,55,2626729,504.33,16,14,9.143300
gradient,5760,3240,lt,1.23239,5749838,35,5744574,1102.96,1,0,139.948500
gradient,5760,3240,lt,1.23239,5749838,35,5744574,1102.96,1,1,141.966000
gradient,5760,3240,lt,1.23239,5749838,35,5744574,1102.96,1,2,140.548900
gradient,5760,3240,lt,1.23239,5749838,35,5744574,1102.96,1,3,141.016500
gradient,5760,3240,lt,1.23239,5749838,35,5744574,1102.96,1,4,142.101300
gradient,5760,3240,lt,1.23239,5749838,35,5744574,1102.96,1,5,140.118700
gradient,5760,3240,lt,1.23239,5749838,35,5744574,1102.96,1,6,140.860000
gradient,5760,3240,lt,1.23239,5749838,35,5744574,1102.96,1,7,141.702100
gradient,5760,3240,lt,1.23239,5749838,35,5744574,1102.96,1,8,139.707200
gradient,5760,3240,lt,1.23239,5749838,35,5744574,1102.96,1,9,140.170700
gradient,5760,3240,lt,1.23239,5749838,35,5744574,1102.96,1,10,140.281400
gradient,5760,3240,lt,1.23239,5749838,35,5744574,1102.96,1,11,140.763000
gradient,5760,3240,lt,1.23239,5749838,35,5744574,1102.96,1,12,141.829800
gradient,5760,3240,lt,1.23239,5749838,35,5744574,1102.96,1,13,141.146000
gradient,5760,3240,lt,1.23239,5749838,35,5744574,1102.96,1,14,143.254900
gradient,5760,3240,lt,1.23239,5749838,35,5744574,1102.96,16,0,13.985100
gradient,5760,3240,lt,1.23239,5749838,35,5744574,1102.96,16,1,14.426700
gradient,5760,3240,lt,1.23239,5749838,35,5744574,1102.96,16,2,13.961900
gradient,5760,3240,lt,1.23239,5749838,35,5744574,1102.96,16,3,13.719600
gradient,5760,3240,lt,1.23239,5749838,35,5744574,1102.96,16,4,14.018300
gradient,5760,3240,lt,1.23239,5749838,35,5744574,1102.96,16,5,13.783500
gradient,5760,3240,lt,1.23239,5749838,35,5744574,1102.96,16,6,13.901600
gradient,5760,3240,lt,1.23239,5749838,35,5744574,1102.96,16,7,14.047000
gradient,5760,3240,lt,1.23239,5749838,35,5744574,1102.96,16,8,13.605000
gradient,5760,3240,lt,1.23239,5749838,35,5744574,1102.96,16,9,14.014200
gradient,5760,3240,lt,1.23239,5749838,35,5744574,1102.96,16,10,13.848900
gradient,5760,3240,lt,1.23239,5749838,35,5744574,1102.96,16,11,13.920500
gradient,5760,3240,lt,1.23239,5749838,35,5744574,1102.96,16,12,14.147000
gradient,5760,3240,lt,1.23239,5749838,35,5744574,1102.96,16,13,13.625200
gradient,5760,3240,lt,1.23239,5749838,35,5744574,1102.96,16,14,13.971900
gradient,5760,3240,standard,1.87491,8747580,24,6962564,1336.81,1,0,148.875000
gradient,5760,3240,standard,1.87491,8747580,24,6962564,1336.81,1,1,149.131800
gradient,5760,3240,standard,1.87491,8747580,24,6962564,1336.81,1,2,149.801900
gradient,5760,3240,standard,1.87491,8747580,24,6962564,1336.81,1,3,147.764500
gradient,5760,3240,standard,1.87491,8747580,24,6962564,1336.81,1,4,147.539900
gradient,5760,3240,standard,1.87491,8747580,24,6962564,1336.81,1,5,148.703400
gradient,5760,3240,standard,1.87491,8747580,24,6962564,1336.81,1,6,154.465300
gradient,5760,3240,standard,1.87491,8747580,24,6962564,1336.81,1,7,152.877800
gradient,5760,3240,standard,1.87491,8747580,24,6962564,1336.81,1,8,172.129500
gradient,5760,3240,standard,1.87491,8747580,24,6962564,1336.81,1,9,156.027400
gradient,5760,3240,standard,1.87491,8747580,24,6962564,1336.81,1,10,159.142900
gradient,5760,3240,standard,1.87491,8747580,24,6962564,1336.81,1,11,164.690800
gradient,5760,3240,standard,1.87491,8747580,24,6962564,1336.81,1,12,171.554500
gradient,5760,3240,standard,1.87491,8747580,24,6962564,1336.81,1,13,164.661800
gradient,5760,3240,standard,1.87491,8747580,24,6962564,1336.81,1,14,170.823100
gradient,5760,3240,standard,1.87491,8747580,24,6962564,1336.81,16,0,14.718500
gradient,5760,3240,standard,1.87491,8747580,24,6962564,1336.81,16,1,16.322300
gradient,5760,3240,standard,1.87491,8747580,24,6962564,1336.81,16,2,30.815600
gradient,5760,3240,standard,1.87491,8747580,24,6962564,1336.81,16,3,14.575200
gradient,5760,3240,standard,1.87491,8747580,24,6962564,1336.81,16,4,14.157400
gradient,5760,3240,standard,1.87491,8747580,24,6962564,1336.81,16,5,14.610700
gradient,5760,3240,standard,1.87491,8747580,24,6962564,1336.81,16,6,14.948000
gradient,5760,3240,standard,1.87491,8747580,24,6962564,1336.81,16,7,14.238300
gradient,5760,3240,standard,1.87491,8747580,24,6962564,1336.81,16,8,14.511600
gradient,5760,3240,standard,1.87491,8747580,24,6962564,1336.81,16,9,13.968000
gradient,5760,3240,standard,1.87491,8747580,24,6962564,1336.81,16,10,13.941000
gradient,5760,3240,standard,1.87491,8747580,24,6962564,1336.81,16,11,14.633800
gradient,5760,3240,standard,1.87491,8747580,24,6962564,1336.81,16,12,31.884900
gradient,5760,3240,standard,1.87491,8747580,24,6962564,1336.81,16,13,14.631100
gradient,5760,3240,standard,1.87491,8747580,24,6962564,1336.81,16,14,14.846700
gradient,5760,3240,hq,2.75617,12859186,1,7741119,1486.29,1,0,186.547200
gradient,5760,3240,hq,2.75617,12859186,1,7741119,1486.29,1,1,160.253500
gradient,5760,3240,hq,2.75617,12859186,1,7741119,1486.29,1,2,175.808300
gradient,5760,3240,hq,2.75617,12859186,1,7741119,1486.29,1,3,180.909700
gradient,5760,3240,hq,2.75617,12859186,1,7741119,1486.29,1,4,168.742200
gradient,5760,3240,hq,2.75617,12859186,1,7741119,1486.29,1,5,186.225000
gradient,5760,3240,hq,2.75617,12859186,1,7741119,1486.29,1,6,168.135200
gradient,5760,3240,hq,2.75617,12859186,1,7741119,1486.29,1,7,176.900100
gradient,5760,3240,hq,2.75617,12859186,1,7741119,1486.29,1,8,164.124700
gradient,5760,3240,hq,2.75617,12859186,1,7741119,1486.29,1,9,180.265600
gradient,5760,3240,hq,2.75617,12859186,1,7741119,1486.29,1,10,169.408800
gradient,5760,3240,hq,2.75617,12859186,1,7741119,1486.29,1,11,161.301900
gradient,5760,3240,hq,2.75617,12859186,1,7741119,1486.29,1,12,156.806500
gradient,5760,3240,hq,2.75617,12859186,1,7741119,1486.29,1,13,163.214200
gradient,5760,3240,hq,2.75617,12859186,1,7741119,1486.29,1,14,159.255900
gradient,5760,3240,hq,2.75617,12859186,1,7741119,1486.29,16,0,15.591700
gradient,5760,3240,hq,2.75617,12859186,1,7741119,1486.29,16,1,16.302200
gradient,5760,3240,hq,2.75617,12859186,1,7741119,1486.29,16,2,15.931500
gradient,5760,3240,hq,2.75617,12859186,1,7741119,1486.29,16,3,16.156100
gradient,5760,3240,hq,2.75617,12859186,1,7741119,1486.29,16,4,17.690100
gradient,5760,3240,hq,2.75617,12859186,1,7741119,1486.29,16,5,15.914800
gradient,5760,3240,hq,2.75617,12859186,1,7741119,1486.29,16,6,16.139600
gradient,5760,3240,hq,2.75617,12859186,1,7741119,1486.29,16,7,16.212400
gradient,5760,3240,hq,2.75617,12859186,1,7741119,1486.29,16,8,15.580700
gradient,5760,3240,hq,2.75617,12859186,1,7741119,1486.29,16,9,15.869900
gradient,5760,3240,hq,2.75617,12859186,1,7741119,1486.29,16,10,16.219600
gradient,5760,3240,hq,2.75617,12859186,1,7741119,1486.29,16,11,16.116800
gradient,5760,3240,hq,2.75617,12859186,1,7741119,1486.29,16,12,15.771100
gradient,5760,3240,hq,2.75617,12859186,1,7741119,1486.29,16,13,17.563100
gradient,5760,3240,hq,2.75617,12859186,1,7741119,1486.29,16,14,14.831900
grain,5760,3240,proxy,0.60509,2823107,66,2554755,490.51,1,0,129.781500
grain,5760,3240,proxy,0.60509,2823107,66,2554755,490.51,1,1,124.995900
grain,5760,3240,proxy,0.60509,2823107,66,2554755,490.51,1,2,123.009000
grain,5760,3240,proxy,0.60509,2823107,66,2554755,490.51,1,3,122.601900
grain,5760,3240,proxy,0.60509,2823107,66,2554755,490.51,1,4,124.947800
grain,5760,3240,proxy,0.60509,2823107,66,2554755,490.51,1,5,123.185100
grain,5760,3240,proxy,0.60509,2823107,66,2554755,490.51,1,6,123.605100
grain,5760,3240,proxy,0.60509,2823107,66,2554755,490.51,1,7,122.936800
grain,5760,3240,proxy,0.60509,2823107,66,2554755,490.51,1,8,123.668800
grain,5760,3240,proxy,0.60509,2823107,66,2554755,490.51,1,9,124.674800
grain,5760,3240,proxy,0.60509,2823107,66,2554755,490.51,1,10,123.571700
grain,5760,3240,proxy,0.60509,2823107,66,2554755,490.51,1,11,122.966300
grain,5760,3240,proxy,0.60509,2823107,66,2554755,490.51,1,12,123.894300
grain,5760,3240,proxy,0.60509,2823107,66,2554755,490.51,1,13,123.212700
grain,5760,3240,proxy,0.60509,2823107,66,2554755,490.51,1,14,123.985500
grain,5760,3240,proxy,0.60509,2823107,66,2554755,490.51,16,0,11.677000
grain,5760,3240,proxy,0.60509,2823107,66,2554755,490.51,16,1,11.814300
grain,5760,3240,proxy,0.60509,2823107,66,2554755,490.51,16,2,12.095800
grain,5760,3240,proxy,0.60509,2823107,66,2554755,490.51,16,3,12.018000
grain,5760,3240,proxy,0.60509,2823107,66,2554755,490.51,16,4,12.619000
grain,5760,3240,proxy,0.60509,2823107,66,2554755,490.51,16,5,11.932700
grain,5760,3240,proxy,0.60509,2823107,66,2554755,490.51,16,6,12.044700
grain,5760,3240,proxy,0.60509,2823107,66,2554755,490.51,16,7,12.003000
grain,5760,3240,proxy,0.60509,2823107,66,2554755,490.51,16,8,12.842600
grain,5760,3240,proxy,0.60509,2823107,66,2554755,490.51,16,9,12.378400
grain,5760,3240,proxy,0.60509,2823107,66,2554755,490.51,16,10,11.864300
grain,5760,3240,proxy,0.60509,2823107,66,2554755,490.51,16,11,12.194600
grain,5760,3240,proxy,0.60509,2823107,66,2554755,490.51,16,12,11.979600
grain,5760,3240,proxy,0.60509,2823107,66,2554755,490.51,16,13,11.898600
grain,5760,3240,proxy,0.60509,2823107,66,2554755,490.51,16,14,12.084200
grain,5760,3240,lt,1.23239,5749838,63,5095381,978.31,1,0,203.795200
grain,5760,3240,lt,1.23239,5749838,63,5095381,978.31,1,1,203.328300
grain,5760,3240,lt,1.23239,5749838,63,5095381,978.31,1,2,204.932600
grain,5760,3240,lt,1.23239,5749838,63,5095381,978.31,1,3,203.382800
grain,5760,3240,lt,1.23239,5749838,63,5095381,978.31,1,4,202.366300
grain,5760,3240,lt,1.23239,5749838,63,5095381,978.31,1,5,202.419100
grain,5760,3240,lt,1.23239,5749838,63,5095381,978.31,1,6,203.664700
grain,5760,3240,lt,1.23239,5749838,63,5095381,978.31,1,7,201.767400
grain,5760,3240,lt,1.23239,5749838,63,5095381,978.31,1,8,201.364000
grain,5760,3240,lt,1.23239,5749838,63,5095381,978.31,1,9,203.118100
grain,5760,3240,lt,1.23239,5749838,63,5095381,978.31,1,10,204.103800
grain,5760,3240,lt,1.23239,5749838,63,5095381,978.31,1,11,204.133200
grain,5760,3240,lt,1.23239,5749838,63,5095381,978.31,1,12,203.994100
grain,5760,3240,lt,1.23239,5749838,63,5095381,978.31,1,13,203.301100
grain,5760,3240,lt,1.23239,5749838,63,5095381,978.31,1,14,203.417800
grain,5760,3240,lt,1.23239,5749838,63,5095381,978.31,16,0,20.008300
grain,5760,3240,lt,1.23239,5749838,63,5095381,978.31,16,1,20.292400
grain,5760,3240,lt,1.23239,5749838,63,5095381,978.31,16,2,20.001700
grain,5760,3240,lt,1.23239,5749838,63,5095381,978.31,16,3,19.859100
grain,5760,3240,lt,1.23239,5749838,63,5095381,978.31,16,4,20.189900
grain,5760,3240,lt,1.23239,5749838,63,5095381,978.31,16,5,20.688700
grain,5760,3240,lt,1.23239,5749838,63,5095381,978.31,16,6,19.480300
grain,5760,3240,lt,1.23239,5749838,63,5095381,978.31,16,7,20.016100
grain,5760,3240,lt,1.23239,5749838,63,5095381,978.31,16,8,19.625600
grain,5760,3240,lt,1.23239,5749838,63,5095381,978.31,16,9,20.009600
grain,5760,3240,lt,1.23239,5749838,63,5095381,978.31,16,10,19.981400
grain,5760,3240,lt,1.23239,5749838,63,5095381,978.31,16,11,20.091100
grain,5760,3240,lt,1.23239,5749838,63,5095381,978.31,16,12,19.656200
grain,5760,3240,lt,1.23239,5749838,63,5095381,978.31,16,13,20.030100
grain,5760,3240,lt,1.23239,5749838,63,5095381,978.31,16,14,19.968300
grain,5760,3240,standard,1.87491,8747580,61,7479903,1436.14,1,0,322.148900
grain,5760,3240,standard,1.87491,8747580,61,7479903,1436.14,1,1,339.575000
grain,5760,3240,standard,1.87491,8747580,61,7479903,1436.14,1,2,320.578800
grain,5760,3240,standard,1.87491,8747580,61,7479903,1436.14,1,3,329.417400
grain,5760,3240,standard,1.87491,8747580,61,7479903,1436.14,1,4,331.180300
grain,5760,3240,standard,1.87491,8747580,61,7479903,1436.14,1,5,326.598500
grain,5760,3240,standard,1.87491,8747580,61,7479903,1436.14,1,6,299.110400
grain,5760,3240,standard,1.87491,8747580,61,7479903,1436.14,1,7,293.941200
grain,5760,3240,standard,1.87491,8747580,61,7479903,1436.14,1,8,265.570000
grain,5760,3240,standard,1.87491,8747580,61,7479903,1436.14,1,9,266.136100
grain,5760,3240,standard,1.87491,8747580,61,7479903,1436.14,1,10,268.663800
grain,5760,3240,standard,1.87491,8747580,61,7479903,1436.14,1,11,267.843600
grain,5760,3240,standard,1.87491,8747580,61,7479903,1436.14,1,12,267.467100
grain,5760,3240,standard,1.87491,8747580,61,7479903,1436.14,1,13,267.997900
grain,5760,3240,standard,1.87491,8747580,61,7479903,1436.14,1,14,267.516000
grain,5760,3240,standard,1.87491,8747580,61,7479903,1436.14,16,0,25.913800
grain,5760,3240,standard,1.87491,8747580,61,7479903,1436.14,16,1,25.992400
grain,5760,3240,standard,1.87491,8747580,61,7479903,1436.14,16,2,25.764700
grain,5760,3240,standard,1.87491,8747580,61,7479903,1436.14,16,3,26.238100
grain,5760,3240,standard,1.87491,8747580,61,7479903,1436.14,16,4,26.432400
grain,5760,3240,standard,1.87491,8747580,61,7479903,1436.14,16,5,26.590800
grain,5760,3240,standard,1.87491,8747580,61,7479903,1436.14,16,6,25.948900
grain,5760,3240,standard,1.87491,8747580,61,7479903,1436.14,16,7,26.161200
grain,5760,3240,standard,1.87491,8747580,61,7479903,1436.14,16,8,26.091200
grain,5760,3240,standard,1.87491,8747580,61,7479903,1436.14,16,9,26.823600
grain,5760,3240,standard,1.87491,8747580,61,7479903,1436.14,16,10,26.125300
grain,5760,3240,standard,1.87491,8747580,61,7479903,1436.14,16,11,27.327000
grain,5760,3240,standard,1.87491,8747580,61,7479903,1436.14,16,12,26.045500
grain,5760,3240,standard,1.87491,8747580,61,7479903,1436.14,16,13,26.242100
grain,5760,3240,standard,1.87491,8747580,61,7479903,1436.14,16,14,26.005500
grain,5760,3240,hq,2.75617,12859186,59,10419326,2000.51,1,0,345.852400
grain,5760,3240,hq,2.75617,12859186,59,10419326,2000.51,1,1,346.712400
grain,5760,3240,hq,2.75617,12859186,59,10419326,2000.51,1,2,345.131900
grain,5760,3240,hq,2.75617,12859186,59,10419326,2000.51,1,3,344.901000
grain,5760,3240,hq,2.75617,12859186,59,10419326,2000.51,1,4,342.276200
grain,5760,3240,hq,2.75617,12859186,59,10419326,2000.51,1,5,344.395100
grain,5760,3240,hq,2.75617,12859186,59,10419326,2000.51,1,6,345.833900
grain,5760,3240,hq,2.75617,12859186,59,10419326,2000.51,1,7,378.172200
grain,5760,3240,hq,2.75617,12859186,59,10419326,2000.51,1,8,407.469300
grain,5760,3240,hq,2.75617,12859186,59,10419326,2000.51,1,9,385.765100
grain,5760,3240,hq,2.75617,12859186,59,10419326,2000.51,1,10,397.668900
grain,5760,3240,hq,2.75617,12859186,59,10419326,2000.51,1,11,386.507800
grain,5760,3240,hq,2.75617,12859186,59,10419326,2000.51,1,12,386.725800
grain,5760,3240,hq,2.75617,12859186,59,10419326,2000.51,1,13,397.873900
grain,5760,3240,hq,2.75617,12859186,59,10419326,2000.51,1,14,389.655100
grain,5760,3240,hq,2.75617,12859186,59,10419326,2000.51,16,0,32.701100
grain,5760,3240,hq,2.75617,12859186,59,10419326,2000.51,16,1,44.565800
grain,5760,3240,hq,2.75617,12859186,59,10419326,2000.51,16,2,39.498000
grain,5760,3240,hq,2.75617,12859186,59,10419326,2000.51,16,3,33.333100
grain,5760,3240,hq,2.75617,12859186,59,10419326,2000.51,16,4,32.461100
grain,5760,3240,hq,2.75617,12859186,59,10419326,2000.51,16,5,33.045500
grain,5760,3240,hq,2.75617,12859186,59,10419326,2000.51,16,6,52.150200
grain,5760,3240,hq,2.75617,12859186,59,10419326,2000.51,16,7,32.916600
grain,5760,3240,hq,2.75617,12859186,59,10419326,2000.51,16,8,33.396800
grain,5760,3240,hq,2.75617,12859186,59,10419326,2000.51,16,9,32.729900
grain,5760,3240,hq,2.75617,12859186,59,10419326,2000.51,16,10,36.407600
grain,5760,3240,hq,2.75617,12859186,59,10419326,2000.51,16,11,49.004300
grain,5760,3240,hq,2.75617,12859186,59,10419326,2000.51,16,12,33.579100
grain,5760,3240,hq,2.75617,12859186,59,10419326,2000.51,16,13,33.309000
grain,5760,3240,hq,2.75617,12859186,59,10419326,2000.51,16,14,33.780200
gradient,7680,4320,proxy,0.60509,5018858,51,5008712,961.67,1,0,196.666500
gradient,7680,4320,proxy,0.60509,5018858,51,5008712,961.67,1,1,201.627100
gradient,7680,4320,proxy,0.60509,5018858,51,5008712,961.67,1,2,183.899100
gradient,7680,4320,proxy,0.60509,5018858,51,5008712,961.67,1,3,190.603600
gradient,7680,4320,proxy,0.60509,5018858,51,5008712,961.67,1,4,194.642600
gradient,7680,4320,proxy,0.60509,5018858,51,5008712,961.67,1,5,186.404300
gradient,7680,4320,proxy,0.60509,5018858,51,5008712,961.67,1,6,191.066800
gradient,7680,4320,proxy,0.60509,5018858,51,5008712,961.67,1,7,181.367200
gradient,7680,4320,proxy,0.60509,5018858,51,5008712,961.67,1,8,198.164900
gradient,7680,4320,proxy,0.60509,5018858,51,5008712,961.67,1,9,178.924600
gradient,7680,4320,proxy,0.60509,5018858,51,5008712,961.67,1,10,176.079500
gradient,7680,4320,proxy,0.60509,5018858,51,5008712,961.67,1,11,178.884900
gradient,7680,4320,proxy,0.60509,5018858,51,5008712,961.67,16,0,17.043400
gradient,7680,4320,proxy,0.60509,5018858,51,5008712,961.67,16,1,17.218600
gradient,7680,4320,proxy,0.60509,5018858,51,5008712,961.67,16,2,17.202700
gradient,7680,4320,proxy,0.60509,5018858,51,5008712,961.67,16,3,17.059800
gradient,7680,4320,proxy,0.60509,5018858,51,5008712,961.67,16,4,16.921100
gradient,7680,4320,proxy,0.60509,5018858,51,5008712,961.67,16,5,17.002300
gradient,7680,4320,proxy,0.60509,5018858,51,5008712,961.67,16,6,16.849900
gradient,7680,4320,proxy,0.60509,5018858,51,5008712,961.67,16,7,17.001200
gradient,7680,4320,proxy,0.60509,5018858,51,5008712,961.67,16,8,16.842700
gradient,7680,4320,proxy,0.60509,5018858,51,5008712,961.67,16,9,16.622200
gradient,7680,4320,proxy,0.60509,5018858,51,5008712,961.67,16,10,16.618700
gradient,7680,4320,proxy,0.60509,5018858,51,5008712,961.67,16,11,16.695100
gradient,7680,4320,lt,1.23239,10221935,23,10007702,1921.48,1,0,223.682600
gradient,7680,4320,lt,1.23239,10221935,23,10007702,1921.48,1,1,223.470600
gradient,7680,4320,lt,1.23239,10221935,23,10007702,1921.48,1,2,223.050000
gradient,7680,4320,lt,1.23239,10221935,23,10007702,1921.48,1,3,224.029000
gradient,7680,4320,lt,1.23239,10221935,23,10007702,1921.48,1,4,225.842500
gradient,7680,4320,lt,1.23239,10221935,23,10007702,1921.48,1,5,224.320300
gradient,7680,4320,lt,1.23239,10221935,23,10007702,1921.48,1,6,224.375100
gradient,7680,4320,lt,1.23239,10221935,23,10007702,1921.48,1,7,223.611100
gradient,7680,4320,lt,1.23239,10221935,23,10007702,1921.48,1,8,224.532500
gradient,7680,4320,lt,1.23239,10221935,23,10007702,1921.48,1,9,223.012600
gradient,7680,4320,lt,1.23239,10221935,23,10007702,1921.48,1,10,222.786600
gradient,7680,4320,lt,1.23239,10221935,23,10007702,1921.48,1,11,223.017600
gradient,7680,4320,lt,1.23239,10221935,23,10007702,1921.48,16,0,21.179900
gradient,7680,4320,lt,1.23239,10221935,23,10007702,1921.48,16,1,21.144500
gradient,7680,4320,lt,1.23239,10221935,23,10007702,1921.48,16,2,21.013200
gradient,7680,4320,lt,1.23239,10221935,23,10007702,1921.48,16,3,21.198500
gradient,7680,4320,lt,1.23239,10221935,23,10007702,1921.48,16,4,21.978700
gradient,7680,4320,lt,1.23239,10221935,23,10007702,1921.48,16,5,21.117800
gradient,7680,4320,lt,1.23239,10221935,23,10007702,1921.48,16,6,21.271500
gradient,7680,4320,lt,1.23239,10221935,23,10007702,1921.48,16,7,20.848800
gradient,7680,4320,lt,1.23239,10221935,23,10007702,1921.48,16,8,21.127200
gradient,7680,4320,lt,1.23239,10221935,23,10007702,1921.48,16,9,21.076800
gradient,7680,4320,lt,1.23239,10221935,23,10007702,1921.48,16,10,21.082500
gradient,7680,4320,lt,1.23239,10221935,23,10007702,1921.48,16,11,21.494200
gradient,7680,4320,standard,1.87491,15551253,0,10977443,2107.67,1,0,234.629200
gradient,7680,4320,standard,1.87491,15551253,0,10977443,2107.67,1,1,243.813900
gradient,7680,4320,standard,1.87491,15551253,0,10977443,2107.67,1,2,259.857200
gradient,7680,4320,standard,1.87491,15551253,0,10977443,2107.67,1,3,262.786300
gradient,7680,4320,standard,1.87491,15551253,0,10977443,2107.67,1,4,260.074300
gradient,7680,4320,standard,1.87491,15551253,0,10977443,2107.67,1,5,267.933000
gradient,7680,4320,standard,1.87491,15551253,0,10977443,2107.67,1,6,265.035700
gradient,7680,4320,standard,1.87491,15551253,0,10977443,2107.67,1,7,257.749400
gradient,7680,4320,standard,1.87491,15551253,0,10977443,2107.67,1,8,268.241200
gradient,7680,4320,standard,1.87491,15551253,0,10977443,2107.67,1,9,256.660800
gradient,7680,4320,standard,1.87491,15551253,0,10977443,2107.67,1,10,235.523900
gradient,7680,4320,standard,1.87491,15551253,0,10977443,2107.67,1,11,234.520800
gradient,7680,4320,standard,1.87491,15551253,0,10977443,2107.67,16,0,22.264900
gradient,7680,4320,standard,1.87491,15551253,0,10977443,2107.67,16,1,22.820500
gradient,7680,4320,standard,1.87491,15551253,0,10977443,2107.67,16,2,22.164100
gradient,7680,4320,standard,1.87491,15551253,0,10977443,2107.67,16,3,22.155800
gradient,7680,4320,standard,1.87491,15551253,0,10977443,2107.67,16,4,22.859600
gradient,7680,4320,standard,1.87491,15551253,0,10977443,2107.67,16,5,22.391700
gradient,7680,4320,standard,1.87491,15551253,0,10977443,2107.67,16,6,23.236300
gradient,7680,4320,standard,1.87491,15551253,0,10977443,2107.67,16,7,23.548000
gradient,7680,4320,standard,1.87491,15551253,0,10977443,2107.67,16,8,21.645900
gradient,7680,4320,standard,1.87491,15551253,0,10977443,2107.67,16,9,21.265900
gradient,7680,4320,standard,1.87491,15551253,0,10977443,2107.67,16,10,21.862100
gradient,7680,4320,standard,1.87491,15551253,0,10977443,2107.67,16,11,22.097900
gradient,7680,4320,hq,2.75617,22860776,0,10977443,2107.67,1,0,292.789400
gradient,7680,4320,hq,2.75617,22860776,0,10977443,2107.67,1,1,286.313700
gradient,7680,4320,hq,2.75617,22860776,0,10977443,2107.67,1,2,305.461400
gradient,7680,4320,hq,2.75617,22860776,0,10977443,2107.67,1,3,324.171200
gradient,7680,4320,hq,2.75617,22860776,0,10977443,2107.67,1,4,284.919700
gradient,7680,4320,hq,2.75617,22860776,0,10977443,2107.67,1,5,274.796900
gradient,7680,4320,hq,2.75617,22860776,0,10977443,2107.67,1,6,281.928700
gradient,7680,4320,hq,2.75617,22860776,0,10977443,2107.67,1,7,283.862600
gradient,7680,4320,hq,2.75617,22860776,0,10977443,2107.67,1,8,269.516400
gradient,7680,4320,hq,2.75617,22860776,0,10977443,2107.67,1,9,238.360800
gradient,7680,4320,hq,2.75617,22860776,0,10977443,2107.67,1,10,239.037100
gradient,7680,4320,hq,2.75617,22860776,0,10977443,2107.67,1,11,245.191700
gradient,7680,4320,hq,2.75617,22860776,0,10977443,2107.67,16,0,22.540600
gradient,7680,4320,hq,2.75617,22860776,0,10977443,2107.67,16,1,22.531900
gradient,7680,4320,hq,2.75617,22860776,0,10977443,2107.67,16,2,22.774100
gradient,7680,4320,hq,2.75617,22860776,0,10977443,2107.67,16,3,22.778000
gradient,7680,4320,hq,2.75617,22860776,0,10977443,2107.67,16,4,22.616000
gradient,7680,4320,hq,2.75617,22860776,0,10977443,2107.67,16,5,22.624900
gradient,7680,4320,hq,2.75617,22860776,0,10977443,2107.67,16,6,22.354800
gradient,7680,4320,hq,2.75617,22860776,0,10977443,2107.67,16,7,22.503100
gradient,7680,4320,hq,2.75617,22860776,0,10977443,2107.67,16,8,22.591400
gradient,7680,4320,hq,2.75617,22860776,0,10977443,2107.67,16,9,22.995600
gradient,7680,4320,hq,2.75617,22860776,0,10977443,2107.67,16,10,22.878100
gradient,7680,4320,hq,2.75617,22860776,0,10977443,2107.67,16,11,22.167200
grain,7680,4320,proxy,0.60509,5018858,66,4541503,871.97,1,0,219.471700
grain,7680,4320,proxy,0.60509,5018858,66,4541503,871.97,1,1,213.680500
grain,7680,4320,proxy,0.60509,5018858,66,4541503,871.97,1,2,215.479900
grain,7680,4320,proxy,0.60509,5018858,66,4541503,871.97,1,3,214.961900
grain,7680,4320,proxy,0.60509,5018858,66,4541503,871.97,1,4,221.332100
grain,7680,4320,proxy,0.60509,5018858,66,4541503,871.97,1,5,220.357100
grain,7680,4320,proxy,0.60509,5018858,66,4541503,871.97,1,6,216.156500
grain,7680,4320,proxy,0.60509,5018858,66,4541503,871.97,1,7,218.448600
grain,7680,4320,proxy,0.60509,5018858,66,4541503,871.97,1,8,218.357100
grain,7680,4320,proxy,0.60509,5018858,66,4541503,871.97,1,9,221.764100
grain,7680,4320,proxy,0.60509,5018858,66,4541503,871.97,1,10,215.179400
grain,7680,4320,proxy,0.60509,5018858,66,4541503,871.97,1,11,214.036400
grain,7680,4320,proxy,0.60509,5018858,66,4541503,871.97,16,0,21.493900
grain,7680,4320,proxy,0.60509,5018858,66,4541503,871.97,16,1,21.369700
grain,7680,4320,proxy,0.60509,5018858,66,4541503,871.97,16,2,21.950400
grain,7680,4320,proxy,0.60509,5018858,66,4541503,871.97,16,3,21.735400
grain,7680,4320,proxy,0.60509,5018858,66,4541503,871.97,16,4,21.420600
grain,7680,4320,proxy,0.60509,5018858,66,4541503,871.97,16,5,21.594200
grain,7680,4320,proxy,0.60509,5018858,66,4541503,871.97,16,6,21.807800
grain,7680,4320,proxy,0.60509,5018858,66,4541503,871.97,16,7,21.371600
grain,7680,4320,proxy,0.60509,5018858,66,4541503,871.97,16,8,21.501600
grain,7680,4320,proxy,0.60509,5018858,66,4541503,871.97,16,9,21.424100
grain,7680,4320,proxy,0.60509,5018858,66,4541503,871.97,16,10,21.287600
grain,7680,4320,proxy,0.60509,5018858,66,4541503,871.97,16,11,21.346900
grain,7680,4320,lt,1.23239,10221935,63,9057453,1739.03,1,0,365.108000
grain,7680,4320,lt,1.23239,10221935,63,9057453,1739.03,1,1,360.918100
grain,7680,4320,lt,1.23239,10221935,63,9057453,1739.03,1,2,366.092400
grain,7680,4320,lt,1.23239,10221935,63,9057453,1739.03,1,3,362.827100
grain,7680,4320,lt,1.23239,10221935,63,9057453,1739.03,1,4,390.450600
grain,7680,4320,lt,1.23239,10221935,63,9057453,1739.03,1,5,389.390100
grain,7680,4320,lt,1.23239,10221935,63,9057453,1739.03,1,6,420.483000
grain,7680,4320,lt,1.23239,10221935,63,9057453,1739.03,1,7,397.555000
grain,7680,4320,lt,1.23239,10221935,63,9057453,1739.03,1,8,413.648300
grain,7680,4320,lt,1.23239,10221935,63,9057453,1739.03,1,9,398.821200
grain,7680,4320,lt,1.23239,10221935,63,9057453,1739.03,1,10,409.832000
grain,7680,4320,lt,1.23239,10221935,63,9057453,1739.03,1,11,420.178500
grain,7680,4320,lt,1.23239,10221935,63,9057453,1739.03,16,0,33.518800
grain,7680,4320,lt,1.23239,10221935,63,9057453,1739.03,16,1,35.854800
grain,7680,4320,lt,1.23239,10221935,63,9057453,1739.03,16,2,35.179100
grain,7680,4320,lt,1.23239,10221935,63,9057453,1739.03,16,3,33.751900
grain,7680,4320,lt,1.23239,10221935,63,9057453,1739.03,16,4,35.021600
grain,7680,4320,lt,1.23239,10221935,63,9057453,1739.03,16,5,49.130000
grain,7680,4320,lt,1.23239,10221935,63,9057453,1739.03,16,6,51.597000
grain,7680,4320,lt,1.23239,10221935,63,9057453,1739.03,16,7,35.840900
grain,7680,4320,lt,1.23239,10221935,63,9057453,1739.03,16,8,33.688800
grain,7680,4320,lt,1.23239,10221935,63,9057453,1739.03,16,9,35.250200
grain,7680,4320,lt,1.23239,10221935,63,9057453,1739.03,16,10,34.094200
grain,7680,4320,lt,1.23239,10221935,63,9057453,1739.03,16,11,35.231500
grain,7680,4320,standard,1.87491,15551253,61,13297600,2553.14,1,0,551.715800
grain,7680,4320,standard,1.87491,15551253,61,13297600,2553.14,1,1,519.452900
grain,7680,4320,standard,1.87491,15551253,61,13297600,2553.14,1,2,545.763300
grain,7680,4320,standard,1.87491,15551253,61,13297600,2553.14,1,3,539.003000
grain,7680,4320,standard,1.87491,15551253,61,13297600,2553.14,1,4,500.643300
grain,7680,4320,standard,1.87491,15551253,61,13297600,2553.14,1,5,549.810000
grain,7680,4320,standard,1.87491,15551253,61,13297600,2553.14,1,6,542.601500
grain,7680,4320,standard,1.87491,15551253,61,13297600,2553.14,1,7,494.674200
grain,7680,4320,standard,1.87491,15551253,61,13297600,2553.14,1,8,506.896600
grain,7680,4320,standard,1.87491,15551253,61,13297600,2553.14,1,9,522.515100
grain,7680,4320,standard,1.87491,15551253,61,13297600,2553.14,1,10,521.426700
grain,7680,4320,standard,1.87491,15551253,61,13297600,2553.14,1,11,475.041200
grain,7680,4320,standard,1.87491,15551253,61,13297600,2553.14,16,0,44.838900
grain,7680,4320,standard,1.87491,15551253,61,13297600,2553.14,16,1,44.389400
grain,7680,4320,standard,1.87491,15551253,61,13297600,2553.14,16,2,44.549000
grain,7680,4320,standard,1.87491,15551253,61,13297600,2553.14,16,3,44.826400
grain,7680,4320,standard,1.87491,15551253,61,13297600,2553.14,16,4,46.054800
grain,7680,4320,standard,1.87491,15551253,61,13297600,2553.14,16,5,45.216400
grain,7680,4320,standard,1.87491,15551253,61,13297600,2553.14,16,6,45.073900
grain,7680,4320,standard,1.87491,15551253,61,13297600,2553.14,16,7,43.420600
grain,7680,4320,standard,1.87491,15551253,61,13297600,2553.14,16,8,46.022300
grain,7680,4320,standard,1.87491,15551253,61,13297600,2553.14,16,9,43.809300
grain,7680,4320,standard,1.87491,15551253,61,13297600,2553.14,16,10,44.863600
grain,7680,4320,standard,1.87491,15551253,61,13297600,2553.14,16,11,46.134900
grain,7680,4320,hq,2.75617,22860776,59,18525220,3556.84,1,0,617.746500
grain,7680,4320,hq,2.75617,22860776,59,18525220,3556.84,1,1,616.153200
grain,7680,4320,hq,2.75617,22860776,59,18525220,3556.84,1,2,615.881800
grain,7680,4320,hq,2.75617,22860776,59,18525220,3556.84,1,3,619.542100
grain,7680,4320,hq,2.75617,22860776,59,18525220,3556.84,1,4,614.096000
grain,7680,4320,hq,2.75617,22860776,59,18525220,3556.84,1,5,611.458800
grain,7680,4320,hq,2.75617,22860776,59,18525220,3556.84,1,6,615.106600
grain,7680,4320,hq,2.75617,22860776,59,18525220,3556.84,1,7,617.266600
grain,7680,4320,hq,2.75617,22860776,59,18525220,3556.84,1,8,607.316800
grain,7680,4320,hq,2.75617,22860776,59,18525220,3556.84,1,9,689.568200
grain,7680,4320,hq,2.75617,22860776,59,18525220,3556.84,1,10,740.413400
grain,7680,4320,hq,2.75617,22860776,59,18525220,3556.84,1,11,750.136900
grain,7680,4320,hq,2.75617,22860776,59,18525220,3556.84,16,0,62.945800
grain,7680,4320,hq,2.75617,22860776,59,18525220,3556.84,16,1,63.818800
grain,7680,4320,hq,2.75617,22860776,59,18525220,3556.84,16,2,67.509100
grain,7680,4320,hq,2.75617,22860776,59,18525220,3556.84,16,3,63.521900
grain,7680,4320,hq,2.75617,22860776,59,18525220,3556.84,16,4,62.536800
grain,7680,4320,hq,2.75617,22860776,59,18525220,3556.84,16,5,67.157300
grain,7680,4320,hq,2.75617,22860776,59,18525220,3556.84,16,6,66.534700
grain,7680,4320,hq,2.75617,22860776,59,18525220,3556.84,16,7,65.284100
grain,7680,4320,hq,2.75617,22860776,59,18525220,3556.84,16,8,67.604600
grain,7680,4320,hq,2.75617,22860776,59,18525220,3556.84,16,9,72.431200
grain,7680,4320,hq,2.75617,22860776,59,18525220,3556.84,16,10,87.434000
grain,7680,4320,hq,2.75617,22860776,59,18525220,3556.84,16,11,85.740700
