width,height,pattern,v2_bytes,v7_bytes,v2_payload_bytes,v7_payload_bytes,directory_bytes,blocks,tokens,eob_bits,active_map_bits,pair_map_bits,selected_map_bits,padding_bits,b0_tokens,b1_tokens,b2_tokens,b3_tokens,b4_tokens
1920,1080,flat,78109,68432,78005,67947,432,64800,0,194400,384,1036800,384,14,0,0,0,0,0
1920,1080,low,247877,228798,247773,228313,432,64800,162218,194400,1093781,1036800,194688,19,64872,97346,0,0,0
1920,1080,texture,2148465,2069483,2148361,2068998,432,64800,1360967,259200,5027142,1036800,1036800,53,86332,129318,129685,172697,842935
1920,1080,noise,3959008,3863620,3958904,3863135,432,64800,2040224,259200,5267271,1036800,1036800,41,129605,194513,194637,258385,1263084
3840,2160,flat,321342,288233,321238,287748,432,259200,0,777600,384,4147200,384,14,0,0,0,0,0
3840,2160,low,998363,927742,998259,927257,432,259200,647014,777600,4786796,4147200,777888,26,259438,387576,0,0,0
3840,2160,texture,8599692,8290021,8599588,8289536,432,259200,5441917,1036800,22071993,4147200,4147200,51,345577,518243,518971,690845,3368281
3840,2160,noise,15850681,15474739,15850577,15474254,432,259200,8164203,1036800,23125073,4147200,4147200,66,519434,778119,778349,1035119,5053182
6144,3456,flat,838462,762957,838358,762472,432,663552,0,1990656,384,10616832,384,15,0,0,0,0,0
6144,3456,low,2574902,2402441,2574798,2401956,432,663552,1659640,1990656,13368891,10616832,1990944,19,663766,995874,0,0,0
6144,3456,texture,22040091,21256867,22039987,21256382,432,663552,13936773,2654208,61538606,10616832,10616832,38,885318,1326180,1326500,1768648,8630127
6144,3456,noise,40597795,39642396,40597691,39641911,432,663552,20902251,2654208,64452615,10616832,10616832,60,1326562,1991018,1991046,2654353,12939272
7680,4320,flat,1326228,1213750,1326124,1213265,432,1036800,0,3110400,384,16588800,384,13,0,0,0,0,0
7680,4320,low,4041429,3779194,4041325,3778709,432,1036800,2592266,3110400,20891334,16588800,3110688,19,1037019,1555247,0,0,0
7680,4320,texture,34448441,33229220,34448337,33228735,432,1036800,21774150,4147200,96156008,16588800,16588800,75,1381503,2075105,2072316,2766518,13478708
7680,4320,noise,63447578,61964684,63447474,61964199,432,1036800,32656144,4147200,100715327,16588800,16588800,46,2072123,3109420,3110131,4147008,20217462
