width,height,iteration,v2_bytes,v7b_bytes,v2_encode_ms,v7b_encode_ms,v2_psnr_y,v7b_psnr_y,base_width,base_height,target_width,target_height,ratio_num,ratio_den,table,writer,kind
1920,1080,0,921721,922082,6.397400,30.106000,99.000000,99.000000,1920,1080,1920,1080,1,1,main,rice,gradient
1920,1080,1,921721,922082,6.679900,33.821100,99.000000,99.000000,1920,1080,1920,1080,1,1,main,rice,gradient
1920,1080,2,921721,922082,6.168500,30.183900,99.000000,99.000000,1920,1080,1920,1080,1,1,main,rice,gradient
3840,2160,0,3694451,3348769,49.744500,184.811100,99.000000,68.016990,1920,1080,1920,1080,2,1,main,rice,gradient
3840,2160,1,3694451,3348769,21.418200,172.757300,99.000000,68.016990,1920,1080,1920,1080,2,1,main,rice,gradient
3840,2160,2,3694451,3348769,20.517600,221.539100,99.000000,68.016990,1920,1080,1920,1080,2,1,main,rice,gradient
5760,3240,0,6962564,4267980,106.378400,359.581800,99.000000,69.203874,1920,1080,1920,1080,3,1,main,rice,gradient
5760,3240,1,6962564,4267980,37.574300,304.712500,99.000000,69.203874,1920,1080,1920,1080,3,1,main,rice,gradient
5760,3240,2,6962564,4267980,36.976600,315.534200,99.000000,69.203874,1920,1080,1920,1080,3,1,main,rice,gradient
7680,4320,0,9905628,7694512,127.416000,476.697700,99.000000,68.515922,1920,1080,1920,1080,4,1,main,rice,gradient
7680,4320,1,9905628,7694512,50.656700,474.399500,99.000000,68.515922,1920,1080,1920,1080,4,1,main,rice,gradient
7680,4320,2,9905628,7694512,53.443400,489.362000,99.000000,68.515922,1920,1080,1920,1080,4,1,main,rice,gradient
11520,6480,0,17541917,15455587,213.975600,1031.868100,99.000000,68.606590,1920,1080,1920,1080,6,1,main,rice,gradient
11520,6480,1,17541917,15455587,95.413400,955.549300,99.000000,68.606590,1920,1080,1920,1080,6,1,main,rice,gradient
11520,6480,2,17541917,15455587,92.744900,993.134500,99.000000,68.606590,1920,1080,1920,1080,6,1,main,rice,gradient
