source_w,source_h,mode,iteration,decode_ms,target_w,target_h,bytes_read,bytes_skipped,segments_skipped,kind,v7b_packet_bytes,v2_packet_bytes,qp
1920,1080,v2_2k_ref,0,3.151100,1920,1080,921721,0,0,gradient,921721,921721,24
1920,1080,v2_2k_ref,1,3.214000,1920,1080,921721,0,0,gradient,921721,921721,24
1920,1080,v2_2k_ref,2,3.992200,1920,1080,921721,0,0,gradient,921721,921721,24
1920,1080,v2_2k_ref,3,3.773200,1920,1080,921721,0,0,gradient,921721,921721,24
1920,1080,v2_2k_ref,4,3.542200,1920,1080,921721,0,0,gradient,921721,921721,24
1920,1080,v2_2k_ref,5,3.525900,1920,1080,921721,0,0,gradient,921721,921721,24
1920,1080,v2_2k_ref,6,3.799200,1920,1080,921721,0,0,gradient,921721,921721,24
1920,1080,v2_2k_ref,7,3.459500,1920,1080,921721,0,0,gradient,921721,921721,24
1920,1080,v2_2k_ref,8,3.423400,1920,1080,921721,0,0,gradient,921721,921721,24
1920,1080,v2_2k_ref,9,3.463100,1920,1080,921721,0,0,gradient,921721,921721,24
1920,1080,v2_2k_ref,10,3.247800,1920,1080,921721,0,0,gradient,921721,921721,24
1920,1080,v2_2k_ref,11,3.007200,1920,1080,921721,0,0,gradient,921721,921721,24
1920,1080,v2_2k_ref,12,2.947900,1920,1080,921721,0,0,gradient,921721,921721,24
1920,1080,v2_2k_ref,13,3.162000,1920,1080,921721,0,0,gradient,921721,921721,24
1920,1080,v2_2k_ref,14,3.002500,1920,1080,921721,0,0,gradient,921721,921721,24
1920,1080,v2_2k_ref,15,3.526100,1920,1080,921721,0,0,gradient,921721,921721,24
1920,1080,v2_2k_ref,16,4.154800,1920,1080,921721,0,0,gradient,921721,921721,24
1920,1080,v2_2k_ref,17,3.412700,1920,1080,921721,0,0,gradient,921721,921721,24
1920,1080,v2_2k_ref,18,3.561200,1920,1080,921721,0,0,gradient,921721,921721,24
1920,1080,v2_2k_ref,19,3.516100,1920,1080,921721,0,0,gradient,921721,921721,24
1920,1080,v2_2k_ref,20,3.572000,1920,1080,921721,0,0,gradient,921721,921721,24
1920,1080,v2_2k_ref,21,3.524000,1920,1080,921721,0,0,gradient,921721,921721,24
1920,1080,v2_2k_ref,22,3.483900,1920,1080,921721,0,0,gradient,921721,921721,24
1920,1080,v2_2k_ref,23,3.281500,1920,1080,921721,0,0,gradient,921721,921721,24
1920,1080,v2_2k_ref,24,3.169400,1920,1080,921721,0,0,gradient,921721,921721,24
1920,1080,v2_2k_ref,25,3.121700,1920,1080,921721,0,0,gradient,921721,921721,24
1920,1080,v2_2k_ref,26,3.531400,1920,1080,921721,0,0,gradient,921721,921721,24
1920,1080,v2_2k_ref,27,3.157000,1920,1080,921721,0,0,gradient,921721,921721,24
1920,1080,v2_2k_ref,28,3.339700,1920,1080,921721,0,0,gradient,921721,921721,24
1920,1080,v2_2k_ref,29,3.351200,1920,1080,921721,0,0,gradient,921721,921721,24
1920,1080,v7b_base_only,0,6.808600,1920,1080,921721,48,3,gradient,922082,921721,24
1920,1080,v7b_base_only,1,6.719600,1920,1080,921721,48,3,gradient,922082,921721,24
1920,1080,v7b_base_only,2,6.853200,1920,1080,921721,48,3,gradient,922082,921721,24
1920,1080,v7b_base_only,3,5.590200,1920,1080,921721,48,3,gradient,922082,921721,24
1920,1080,v7b_base_only,4,6.426200,1920,1080,921721,48,3,gradient,922082,921721,24
1920,1080,v7b_base_only,5,6.499200,1920,1080,921721,48,3,gradient,922082,921721,24
1920,1080,v7b_base_only,6,6.529300,1920,1080,921721,48,3,gradient,922082,921721,24
1920,1080,v7b_base_only,7,7.051800,1920,1080,921721,48,3,gradient,922082,921721,24
1920,1080,v7b_base_only,8,6.915800,1920,1080,921721,48,3,gradient,922082,921721,24
1920,1080,v7b_base_only,9,10.072800,1920,1080,921721,48,3,gradient,922082,921721,24
1920,1080,v7b_base_only,10,7.743700,1920,1080,921721,48,3,gradient,922082,921721,24
1920,1080,v7b_base_only,11,8.548600,1920,1080,921721,48,3,gradient,922082,921721,24
1920,1080,v7b_base_only,12,7.179100,1920,1080,921721,48,3,gradient,922082,921721,24
1920,1080,v7b_base_only,13,6.899500,1920,1080,921721,48,3,gradient,922082,921721,24
1920,1080,v7b_base_only,14,6.051700,1920,1080,921721,48,3,gradient,922082,921721,24
1920,1080,v7b_base_only,15,7.017100,1920,1080,921721,48,3,gradient,922082,921721,24
1920,1080,v7b_base_only,16,8.454700,1920,1080,921721,48,3,gradient,922082,921721,24
1920,1080,v7b_base_only,17,7.734700,1920,1080,921721,48,3,gradient,922082,921721,24
1920,1080,v7b_base_only,18,6.714500,1920,1080,921721,48,3,gradient,922082,921721,24
1920,1080,v7b_base_only,19,6.790600,1920,1080,921721,48,3,gradient,922082,921721,24
1920,1080,v7b_base_only,20,7.972100,1920,1080,921721,48,3,gradient,922082,921721,24
1920,1080,v7b_base_only,21,7.575900,1920,1080,921721,48,3,gradient,922082,921721,24
1920,1080,v7b_base_only,22,7.347800,1920,1080,921721,48,3,gradient,922082,921721,24
1920,1080,v7b_base_only,23,7.676500,1920,1080,921721,48,3,gradient,922082,921721,24
1920,1080,v7b_base_only,24,6.936500,1920,1080,921721,48,3,gradient,922082,921721,24
1920,1080,v7b_base_only,25,6.411600,1920,1080,921721,48,3,gradient,922082,921721,24
1920,1080,v7b_base_only,26,6.502700,1920,1080,921721,48,3,gradient,922082,921721,24
1920,1080,v7b_base_only,27,6.700600,1920,1080,921721,48,3,gradient,922082,921721,24
1920,1080,v7b_base_only,28,6.745300,1920,1080,921721,48,3,gradient,922082,921721,24
1920,1080,v7b_base_only,29,6.879300,1920,1080,921721,48,3,gradient,922082,921721,24
3840,2160,v7b_base_only,0,9.159300,1920,1080,1491524,757809,12,gradient,2249787,3694451,24
3840,2160,v7b_base_only,1,8.762100,1920,1080,1491524,757809,12,gradient,2249787,3694451,24
3840,2160,v7b_base_only,2,8.854500,1920,1080,1491524,757809,12,gradient,2249787,3694451,24
3840,2160,v7b_base_only,3,8.646100,1920,1080,1491524,757809,12,gradient,2249787,3694451,24
3840,2160,v7b_base_only,4,9.078200,1920,1080,1491524,757809,12,gradient,2249787,3694451,24
3840,2160,v7b_base_only,5,8.859500,1920,1080,1491524,757809,12,gradient,2249787,3694451,24
3840,2160,v7b_base_only,6,8.953600,1920,1080,1491524,757809,12,gradient,2249787,3694451,24
3840,2160,v7b_base_only,7,9.083700,1920,1080,1491524,757809,12,gradient,2249787,3694451,24
3840,2160,v7b_base_only,8,8.986200,1920,1080,1491524,757809,12,gradient,2249787,3694451,24
3840,2160,v7b_base_only,9,9.134500,1920,1080,1491524,757809,12,gradient,2249787,3694451,24
3840,2160,v7b_base_only,10,9.017900,1920,1080,1491524,757809,12,gradient,2249787,3694451,24
3840,2160,v7b_base_only,11,9.346600,1920,1080,1491524,757809,12,gradient,2249787,3694451,24
3840,2160,v7b_base_only,12,8.576900,1920,1080,1491524,757809,12,gradient,2249787,3694451,24
3840,2160,v7b_base_only,13,8.610200,1920,1080,1491524,757809,12,gradient,2249787,3694451,24
3840,2160,v7b_base_only,14,8.551500,1920,1080,1491524,757809,12,gradient,2249787,3694451,24
3840,2160,v7b_base_only,15,11.174200,1920,1080,1491524,757809,12,gradient,2249787,3694451,24
3840,2160,v7b_base_only,16,9.599800,1920,1080,1491524,757809,12,gradient,2249787,3694451,24
3840,2160,v7b_base_only,17,8.542700,1920,1080,1491524,757809,12,gradient,2249787,3694451,24
3840,2160,v7b_base_only,18,8.978900,1920,1080,1491524,757809,12,gradient,2249787,3694451,24
3840,2160,v7b_base_only,19,8.877400,1920,1080,1491524,757809,12,gradient,2249787,3694451,24
3840,2160,v7b_base_only,20,10.505900,1920,1080,1491524,757809,12,gradient,2249787,3694451,24
3840,2160,v7b_base_only,21,10.843200,1920,1080,1491524,757809,12,gradient,2249787,3694451,24
3840,2160,v7b_base_only,22,9.643100,1920,1080,1491524,757809,12,gradient,2249787,3694451,24
3840,2160,v7b_base_only,23,9.200800,1920,1080,1491524,757809,12,gradient,2249787,3694451,24
3840,2160,v7b_base_only,24,8.791000,1920,1080,1491524,757809,12,gradient,2249787,3694451,24
3840,2160,v7b_base_only,25,9.702700,1920,1080,1491524,757809,12,gradient,2249787,3694451,24
3840,2160,v7b_base_only,26,9.181300,1920,1080,1491524,757809,12,gradient,2249787,3694451,24
3840,2160,v7b_base_only,27,9.325500,1920,1080,1491524,757809,12,gradient,2249787,3694451,24
3840,2160,v7b_base_only,28,9.846000,1920,1080,1491524,757809,12,gradient,2249787,3694451,24
3840,2160,v7b_base_only,29,9.565700,1920,1080,1491524,757809,12,gradient,2249787,3694451,24
5760,3240,v7b_base_only,0,6.638900,1920,1080,956111,723712,27,gradient,1680637,6962564,24
5760,3240,v7b_base_only,1,6.341400,1920,1080,956111,723712,27,gradient,1680637,6962564,24
5760,3240,v7b_base_only,2,6.676000,1920,1080,956111,723712,27,gradient,1680637,6962564,24
5760,3240,v7b_base_only,3,6.416500,1920,1080,956111,723712,27,gradient,1680637,6962564,24
5760,3240,v7b_base_only,4,6.407700,1920,1080,956111,723712,27,gradient,1680637,6962564,24
5760,3240,v7b_base_only,5,6.455700,1920,1080,956111,723712,27,gradient,1680637,6962564,24
5760,3240,v7b_base_only,6,6.215900,1920,1080,956111,723712,27,gradient,1680637,6962564,24
5760,3240,v7b_base_only,7,6.368200,1920,1080,956111,723712,27,gradient,1680637,6962564,24
5760,3240,v7b_base_only,8,6.336800,1920,1080,956111,723712,27,gradient,1680637,6962564,24
5760,3240,v7b_base_only,9,6.136100,1920,1080,956111,723712,27,gradient,1680637,6962564,24
5760,3240,v7b_base_only,10,6.505500,1920,1080,956111,723712,27,gradient,1680637,6962564,24
5760,3240,v7b_base_only,11,6.444500,1920,1080,956111,723712,27,gradient,1680637,6962564,24
5760,3240,v7b_base_only,12,6.393200,1920,1080,956111,723712,27,gradient,1680637,6962564,24
5760,3240,v7b_base_only,13,6.744800,1920,1080,956111,723712,27,gradient,1680637,6962564,24
5760,3240,v7b_base_only,14,6.436300,1920,1080,956111,723712,27,gradient,1680637,6962564,24
5760,3240,v7b_base_only,15,6.706000,1920,1080,956111,723712,27,gradient,1680637,6962564,24
5760,3240,v7b_base_only,16,6.703200,1920,1080,956111,723712,27,gradient,1680637,6962564,24
5760,3240,v7b_base_only,17,6.621500,1920,1080,956111,723712,27,gradient,1680637,6962564,24
5760,3240,v7b_base_only,18,6.388900,1920,1080,956111,723712,27,gradient,1680637,6962564,24
5760,3240,v7b_base_only,19,5.242900,1920,1080,956111,723712,27,gradient,1680637,6962564,24
5760,3240,v7b_base_only,20,6.638300,1920,1080,956111,723712,27,gradient,1680637,6962564,24
5760,3240,v7b_base_only,21,6.265600,1920,1080,956111,723712,27,gradient,1680637,6962564,24
5760,3240,v7b_base_only,22,6.557600,1920,1080,956111,723712,27,gradient,1680637,6962564,24
5760,3240,v7b_base_only,23,5.037800,1920,1080,956111,723712,27,gradient,1680637,6962564,24
5760,3240,v7b_base_only,24,6.641500,1920,1080,956111,723712,27,gradient,1680637,6962564,24
5760,3240,v7b_base_only,25,6.696600,1920,1080,956111,723712,27,gradient,1680637,6962564,24
5760,3240,v7b_base_only,26,5.441900,1920,1080,956111,723712,27,gradient,1680637,6962564,24
5760,3240,v7b_base_only,27,6.191400,1920,1080,956111,723712,27,gradient,1680637,6962564,24
5760,3240,v7b_base_only,28,6.234300,1920,1080,956111,723712,27,gradient,1680637,6962564,24
5760,3240,v7b_base_only,29,6.227300,1920,1080,956111,723712,27,gradient,1680637,6962564,24
7680,4320,v7b_base_only,0,9.074600,1920,1080,1538653,3444365,21,gradient,4983706,9905628,24
7680,4320,v7b_base_only,1,8.817200,1920,1080,1538653,3444365,21,gradient,4983706,9905628,24
7680,4320,v7b_base_only,2,9.427700,1920,1080,1538653,3444365,21,gradient,4983706,9905628,24
7680,4320,v7b_base_only,3,9.713600,1920,1080,1538653,3444365,21,gradient,4983706,9905628,24
7680,4320,v7b_base_only,4,7.580200,1920,1080,1538653,3444365,21,gradient,4983706,9905628,24
7680,4320,v7b_base_only,5,9.404800,1920,1080,1538653,3444365,21,gradient,4983706,9905628,24
7680,4320,v7b_base_only,6,8.448700,1920,1080,1538653,3444365,21,gradient,4983706,9905628,24
7680,4320,v7b_base_only,7,8.936400,1920,1080,1538653,3444365,21,gradient,4983706,9905628,24
7680,4320,v7b_base_only,8,9.604500,1920,1080,1538653,3444365,21,gradient,4983706,9905628,24
7680,4320,v7b_base_only,9,8.681100,1920,1080,1538653,3444365,21,gradient,4983706,9905628,24
7680,4320,v7b_base_only,10,8.783700,1920,1080,1538653,3444365,21,gradient,4983706,9905628,24
7680,4320,v7b_base_only,11,8.922200,1920,1080,1538653,3444365,21,gradient,4983706,9905628,24
7680,4320,v7b_base_only,12,9.200000,1920,1080,1538653,3444365,21,gradient,4983706,9905628,24
7680,4320,v7b_base_only,13,8.516500,1920,1080,1538653,3444365,21,gradient,4983706,9905628,24
7680,4320,v7b_base_only,14,8.855400,1920,1080,1538653,3444365,21,gradient,4983706,9905628,24
7680,4320,v7b_base_only,15,9.121900,1920,1080,1538653,3444365,21,gradient,4983706,9905628,24
7680,4320,v7b_base_only,16,8.594300,1920,1080,1538653,3444365,21,gradient,4983706,9905628,24
7680,4320,v7b_base_only,17,7.238500,1920,1080,1538653,3444365,21,gradient,4983706,9905628,24
7680,4320,v7b_base_only,18,8.952700,1920,1080,1538653,3444365,21,gradient,4983706,9905628,24
7680,4320,v7b_base_only,19,8.372900,1920,1080,1538653,3444365,21,gradient,4983706,9905628,24
7680,4320,v7b_base_only,20,9.465100,1920,1080,1538653,3444365,21,gradient,4983706,9905628,24
7680,4320,v7b_base_only,21,10.774200,1920,1080,1538653,3444365,21,gradient,4983706,9905628,24
7680,4320,v7b_base_only,22,12.443000,1920,1080,1538653,3444365,21,gradient,4983706,9905628,24
7680,4320,v7b_base_only,23,11.754500,1920,1080,1538653,3444365,21,gradient,4983706,9905628,24
7680,4320,v7b_base_only,24,12.995100,1920,1080,1538653,3444365,21,gradient,4983706,9905628,24
7680,4320,v7b_base_only,25,10.847500,1920,1080,1538653,3444365,21,gradient,4983706,9905628,24
7680,4320,v7b_base_only,26,12.952100,1920,1080,1538653,3444365,21,gradient,4983706,9905628,24
7680,4320,v7b_base_only,27,17.481000,1920,1080,1538653,3444365,21,gradient,4983706,9905628,24
7680,4320,v7b_base_only,28,13.890100,1920,1080,1538653,3444365,21,gradient,4983706,9905628,24
7680,4320,v7b_base_only,29,12.880600,1920,1080,1538653,3444365,21,gradient,4983706,9905628,24
11520,6480,v7b_base_only,0,8.280500,1920,1080,1491177,2820535,36,gradient,4312760,17541917,24
11520,6480,v7b_base_only,1,8.197800,1920,1080,1491177,2820535,36,gradient,4312760,17541917,24
11520,6480,v7b_base_only,2,8.220200,1920,1080,1491177,2820535,36,gradient,4312760,17541917,24
11520,6480,v7b_base_only,3,8.270700,1920,1080,1491177,2820535,36,gradient,4312760,17541917,24
11520,6480,v7b_base_only,4,8.837200,1920,1080,1491177,2820535,36,gradient,4312760,17541917,24
11520,6480,v7b_base_only,5,8.090300,1920,1080,1491177,2820535,36,gradient,4312760,17541917,24
11520,6480,v7b_base_only,6,8.039400,1920,1080,1491177,2820535,36,gradient,4312760,17541917,24
11520,6480,v7b_base_only,7,7.954000,1920,1080,1491177,2820535,36,gradient,4312760,17541917,24
11520,6480,v7b_base_only,8,8.231900,1920,1080,1491177,2820535,36,gradient,4312760,17541917,24
11520,6480,v7b_base_only,9,8.041700,1920,1080,1491177,2820535,36,gradient,4312760,17541917,24
11520,6480,v7b_base_only,10,7.942300,1920,1080,1491177,2820535,36,gradient,4312760,17541917,24
11520,6480,v7b_base_only,11,7.676100,1920,1080,1491177,2820535,36,gradient,4312760,17541917,24
11520,6480,v7b_base_only,12,8.427100,1920,1080,1491177,2820535,36,gradient,4312760,17541917,24
11520,6480,v7b_base_only,13,8.239100,1920,1080,1491177,2820535,36,gradient,4312760,17541917,24
11520,6480,v7b_base_only,14,8.050700,1920,1080,1491177,2820535,36,gradient,4312760,17541917,24
11520,6480,v7b_base_only,15,8.190600,1920,1080,1491177,2820535,36,gradient,4312760,17541917,24
11520,6480,v7b_base_only,16,8.216300,1920,1080,1491177,2820535,36,gradient,4312760,17541917,24
11520,6480,v7b_base_only,17,8.702700,1920,1080,1491177,2820535,36,gradient,4312760,17541917,24
11520,6480,v7b_base_only,18,8.617200,1920,1080,1491177,2820535,36,gradient,4312760,17541917,24
11520,6480,v7b_base_only,19,8.899900,1920,1080,1491177,2820535,36,gradient,4312760,17541917,24
11520,6480,v7b_base_only,20,8.488500,1920,1080,1491177,2820535,36,gradient,4312760,17541917,24
11520,6480,v7b_base_only,21,8.293700,1920,1080,1491177,2820535,36,gradient,4312760,17541917,24
11520,6480,v7b_base_only,22,8.386600,1920,1080,1491177,2820535,36,gradient,4312760,17541917,24
11520,6480,v7b_base_only,23,8.749500,1920,1080,1491177,2820535,36,gradient,4312760,17541917,24
11520,6480,v7b_base_only,24,9.593300,1920,1080,1491177,2820535,36,gradient,4312760,17541917,24
11520,6480,v7b_base_only,25,11.603700,1920,1080,1491177,2820535,36,gradient,4312760,17541917,24
11520,6480,v7b_base_only,26,9.817100,1920,1080,1491177,2820535,36,gradient,4312760,17541917,24
11520,6480,v7b_base_only,27,8.788000,1920,1080,1491177,2820535,36,gradient,4312760,17541917,24
11520,6480,v7b_base_only,28,9.492700,1920,1080,1491177,2820535,36,gradient,4312760,17541917,24
11520,6480,v7b_base_only,29,9.412300,1920,1080,1491177,2820535,36,gradient,4312760,17541917,24
